1117714 1117714 1117714 1117714 1117970 2299933 2365469 2365469 2365468 2234397 2365725 2365468 1117715 1117714 1117715 1117714 1117970 1117715 1117714 1117714 1117714 2299932 2365469 1117714 1117715 2365469 2299933 2365469 3483446 3483444 3483445 3483702 2365468 2365469 2365725 2365468 1117715 1117714 1117714 1117715 1117714 1117715 1117714 1117970 1117714 1117715 1117714 1117714 2299933 2365725 2365468 2299933 2365469 2365469 2299933 3745570 3745570 3745570 2365469 2365468 
1117714 1117714 1117715 2299933 2365725 2365469 3483446 3483702 3483446 3417910 2365469 2365468 2234397 2365469 1117714 1117714 1117970 1117715 1117714 1117714 2365469 2365469 2365469 1117714 1117715 1117714 2299932 2431005 2365725 2299933 3483445 3483702 2365468 2365469 2365469 2365468 1117715 1117970 1117714 1117714 1117970 1117715 1117715 2365469 2365468 2299932 1117970 1117715 2365468 2365469 2365468 2299932 2365469 3745570 3745570 3745570 3745570 2365468 2365469 2365468 
1052179 1117714 2365468 2365469 2365725 3548981 3483446 3483190 3483444 3483446 3483702 3483446 2365469 2365469 2365468 1117714 1117970 1117714 2299933 2365469 2365469 2299932 2365469 2365468 1643546 1117970 1117715 1117714 2365469 2299932 2365469 2365469 2365468 2365469 1973028 2365469 1117715 1117970 2365469 2431004 2365469 2299933 2365468 2365469 2365468 2365468 2365469 1117714 1117715 1117970 1117715 1117714 1117970 2299932 2365469 2365469 1973027 1907492 2365469 2299933 
1117714 2365469 2365468 2365468 2365725 3483446 5454196 5454196 5454197 3483446 3483702 3483446 2365469 2365469 2365469 2299932 1117714 2365469 2365469 2365469 2365469 2365469 2365469 2365468 2299933 1117714 1117715 1117715 1117714 2299933 2299933 2365469 2299932 2299932 1973028 2365468 1117715 1117714 2299932 2299933 2365469 2299932 2365469 3483446 3483445 3548982 2365469 1117714 1117714 1117714 1117714 1117715 1117970 1117714 2365469 2365469 1907493 2299933 2365469 1117715 
1117715 2365469 2365469 2299932 3483446 3483446 5454196 5453940 3483445 3548982 3483958 3483447 2234397 2365469 2299932 2431005 1117714 2299932 2299933 2365469 3483444 3614518 3483702 3483446 2299933 2365469 1117715 1117715 1117970 1117714 1117714 2365469 2365469 1973027 2365469 2299932 1117714 1117714 2299932 2299933 2365725 2299933 3614518 5453940 3483446 3483446 2365469 2365468 2299933 1117714 1117714 1052178 1117970 1117714 2299933 2365469 1973028 2299933 2365469 1117715 
2299933 2365469 3548982 3548982 3483702 5454197 5454196 5453940 5388660 3483446 3483702 3483445 2299932 2365469 2365468 2299933 2365469 2299932 2431005 2365469 3483445 3548982 3483702 3483446 2365469 2365469 2299932 1052179 1117970 1117714 1117715 2365469 2365469 2299932 2365469 2365468 1117715 1117714 1117714 1117714 2365469 3483446 3548982 5454196 3483444 3548982 2365469 2365468 2299933 2365469 2365469 2299933 1117970 1117714 1052178 2365469 2299933 2299933 2365469 1117715 
2299933 2365469 3548981 3548982 5453940 5454197 5388660 5454196 5454197 3680034 3483446 3483444 2299933 2365469 2365469 2299933 2365469 2365468 2299932 3483702 3483445 7754150 3483190 3483444 2431005 2365469 2365468 2299932 2365469 1117714 1117715 1117714 2299932 2299933 2365469 2365469 1117715 1117970 1117715 1117715 2365469 3483445 3483446 3483446 3548981 2365469 2365469 2299932 2365469 2365469 2299932 2299933 2365725 2299933 1117714 1117714 1117715 1117715 1117714 1117714 
2299933 3483702 3483445 3548982 3483702 3483445 5388660 3483190 3745570 3811106 3745826 3483446 2365469 2365469 2365469 2365469 2365469 2365468 3483445 3483446 5454197 5454196 3483446 3483445 2299933 2365469 2299933 2365469 2365469 1117714 1117714 1117970 1117714 1117714 2365469 1117714 1117714 1117714 1117714 1643546 2365469 2299933 2299932 2365725 2365468 2365469 2365469 2365468 3745570 2365469 2365468 2299932 2365469 2365469 1117714 1117970 1117714 1117715 1117714 1117715 
2365468 3483958 3548983 3548982 3483702 3483447 3548982 3483702 3745570 3548982 3745826 2365468 2299933 2365469 2299932 2234397 2365469 2299932 3614517 3483190 5454197 3548982 3483958 3483446 3745570 2365469 2365468 2365469 2365469 1117715 1117714 1117714 1117715 1117714 1117714 1117715 1117715 1117714 1117715 1643546 2365725 2365469 2299933 2365469 2365469 2234396 2365725 3811106 3745570 3745826 2365469 2299932 1973028 2365469 1117715 1117714 1117715 1117715 1117970 1117715 
2365468 2365469 3483447 3483446 3483702 3483445 3548982 3745570 3745570 3811106 3746082 3745570 2299933 2365469 2365468 2365468 2365469 2299933 3483446 3483702 3483445 3417910 3483702 3483446 3745570 2365469 2365468 2365469 2365469 1117715 1117714 1117970 1117715 1052178 1117970 1117714 2299933 2365469 2365469 2365469 1117970 2365469 2365469 2365469 2365468 2299933 3745570 3745570 2365468 3745570 2365468 2234396 1972772 1907491 1117714 1117714 1117715 1117714 1117714 1117714 
2299933 2365469 2299933 3548982 3483446 3483445 3548982 3745826 3745570 3745570 3745826 3745570 2431005 2365469 2299933 2299932 2365469 2299933 2365469 3483446 3548983 3548982 3483958 3745570 3811106 2365469 2365468 2299933 1117970 1117714 1117715 1117970 1117714 1117714 1117714 2299933 3285801 2365725 2365469 2365468 2365469 1117714 1117715 1117714 2365468 2365469 2365469 3745570 3680034 3746082 2365469 2431004 1972772 1973029 1117715 1117970 1117715 1117714 1117714 1117715 
2365469 2365469 2365468 2299932 2365469 2365469 2365469 3745826 3745570 3811106 3745570 3745571 2431005 2365725 2299933 2365469 2365469 2299932 2365469 3483446 3483445 3483446 3745570 3745570 3811106 2365469 2365469 2431004 1117970 1117715 1117714 1117714 1117714 2299932 2365725 2299933 3548982 3483446 4995149 2365468 2365469 2365469 1117714 1117714 1117715 1117715 2365469 2365468 2299933 2365469 2365468 2431005 1973028 1973028 1052179 1117714 1117714 1117715 1117714 1117715 
1117714 2365469 2299932 2365469 2365469 2299932 2365469 3745570 2299932 3745570 3745314 2365468 2234397 2365469 2365468 2365469 2365469 2365469 2299932 2365469 3483446 3680034 2365725 3745571 3680034 2365469 2365469 1117714 1117714 1117714 1052178 1117970 1117714 2365469 3483446 3548981 3483446 3483446 3483445 2299933 2365469 2365469 1117714 1117970 1117714 1117714 1117970 1117715 2365469 2365725 2299933 1973028 1973028 1973028 1117715 1117714 1117714 1117715 1117714 1117714 
1117714 1117714 2365468 2299933 2365469 2365468 2431005 2365469 3745570 3811106 3745826 2299932 2299933 2365469 2299933 2299933 2365469 2365468 2299932 2365469 3745570 3745570 2365469 3745570 2365469 2365469 2299932 2299933 1117970 1117715 1117714 1117970 2365469 2365468 3483446 3483445 3548982 3483190 2365469 16711680 14558244 16711680 16711680 16711680 14558244 1052178 1117714 1117715 2365469 2365725 1973028 1973028 2365469 2299933 2234397 1117714 1117715 1117715 1117970 1117714 
1117715 1117714 1117715 2299932 2365469 2299933 3680034 3745570 3745570 3745570 2365725 2299933 2299933 2365469 2299932 2299933 2365469 2365468 2365469 2365469 2299932 2299933 3745826 3745570 2299933 2365469 2365468 2365469 1117714 1117714 1117714 2365469 2299932 2299933 3483702 3548982 3483445 3483446 2365468 14558244 16390434 16390434 16390434 16390434 14558244 1117715 1117970 1117714 1117714 2365469 2365469 2365469 2365469 2365469 2365468 1117714 1117714 1052178 1117714 1117714 
2299932 1117714 1117714 2365469 2365469 2299932 2365468 3745570 3745570 2299932 2365469 2365469 2299933 1973028 1907492 1907492 2365469 2365468 2299933 2365469 2365468 3811106 3745570 2365468 2299932 5518939 5518939 5518939 5518939 5518939 5518939 5518939 5518939 5518939 5518939 16390434 16393509 16408117 16409142 16427858 16408377 16390434 16390434 2365725 1117715 1117715 1117714 1117715 1052178 1117970 2365469 2299932 2365469 2299932 2299932 1117714 1117714 1117714 1117714 1117714 
2365469 1117970 1117714 2299933 2365469 2365469 2299932 3351337 2299933 2365469 2365469 2299932 1907492 1973028 1973027 1973028 2365469 2365469 2365468 2365469 3745570 3745570 3745826 1973028 1973028 5652324 5652324 5652324 5652324 5652324 6109533 6435927 6435670 6437208 6437208 16393510 16396842 16411450 16411963 16424782 15948345 15473703 15473703 2365469 2365468 2299932 1117970 1117715 1117715 1117970 1117715 1117714 2365469 2299933 1117714 1117970 1117714 1117714 1117714 1117715 
2365468 2365469 1117714 2299933 2365469 2365469 2299932 2365469 2299932 2299932 2365469 1907492 1973027 1972772 1973027 2234396 2365469 1117714 2365469 2365469 3745570 5987206 5592450 5592450 5791371 7249353 7249353 7249353 7249353 7249353 12211566 15933483 16390434 16408117 16408117 16427858 16430936 16511602 16509038 16390434 10692672 5518939 5518939 2365469 1907492 2365469 2365469 1117715 1052178 1117970 1117714 1117715 1117970 1117715 1052179 1117970 1117714 1117714 1117714 1117715 
2365469 2365469 1117715 1117715 2365469 2365468 2299932 2365469 2299933 2365469 1973028 1973028 2038564 1973028 1907491 2365468 2365469 1117715 1117714 1117970 2365468 6452126 6189213 8159136 8291494 9153741 9672631 10644362 10647694 10651025 13789278 16077369 16404532 16422220 16422220 16434782 16432988 16490836 16292691 12330039 10637413 1973027 1907491 1973028 1973029 2299932 2365469 1117714 1117714 1117970 1117715 1117714 1117714 1117715 1117715 1117714 1117714 2299933 2365469 2299932 
3483445 2365469 2365468 1052179 2365469 2299932 2299933 2365469 2365468 2038564 1973028 1973027 1973028 1973028 2299932 2365469 1117970 1117715 1117714 5592450 5592450 7183046 7249353 12371155 12371155 12371155 13667738 16390434 16398891 16408117 16418885 16426832 16427858 16511602 16511602 16511602 16501860 16390434 15866405 5518939 1973028 1973027 2038564 1973028 2299933 2299933 2365469 1117715 1117714 1117714 1117714 1117714 1117714 1117715 1117714 2365469 2365469 2365468 2365469 2365468 
3483446 3483702 3351336 2234396 2365469 2365468 2365469 2365469 2299932 2299933 2365469 2365468 2365469 2365469 2365469 1052178 1117970 2365469 2299933 6387876 6387876 9547212 9679054 14316158 14317183 14324615 14975598 16408377 16416837 16426322 16431962 16436065 16436577 16502883 16502883 16484940 15497289 11151165 10889279 5518939 8152705 2365468 2365469 2365469 2365469 1117714 1117970 1117715 1117714 1117970 1117714 1117714 1117714 2365468 2365469 2365469 2365469 3483446 3483446 3483445 
3548982 3483446 3483447 2299932 2365469 2299932 2365469 1117714 1117714 1117714 1117970 1117714 1117715 1117970 1117715 1117714 2365469 3483446 5592450 7249353 7249353 12174035 12371155 16390434 16392740 16408117 16414526 16427858 16436577 16511602 16511602 16511602 16511602 16427858 16427858 16390434 14491180 5518939 5518939 5518939 5518939 5518939 5518939 1117970 1117714 1117714 1117714 1117715 1117714 1117714 1117715 1117715 2365469 2365469 2365468 3483446 3483446 3483446 5454196 3483446 
3483446 3483702 3483446 3548982 2365469 2365468 2299933 2365469 1117714 1117714 2365469 2365468 2299933 2365469 2365469 2365469 3483446 3483446 5592450 13648212 13648212 15104612 15170917 16416580 16418887 16500064 16502114 16506216 16508781 16511602 16504678 16434013 16433244 16401712 16401712 8793418 8205138 5590134 5590134 5590134 5521512 5518939 5518939 1117970 1117715 1117714 1117970 1117715 1117715 1117714 1117715 1117715 2365725 3548980 3483446 3483446 3483445 5454196 5453940 5454196 
3483446 3483446 3483447 3548982 2365469 2299933 2299933 2365725 2365469 1117714 2365469 2365468 2365469 2365725 2365469 3548982 3483702 5454197 5592450 16390434 16390434 16407348 16408117 16427858 16430166 16511602 16511602 16511602 16511602 16511602 16436064 16428884 16427858 16390434 16390434 5518939 5520226 5592450 5592450 5592450 5522798 5518939 5518939 1117970 1117714 1117714 1117714 1117714 1117714 1117714 1117715 1052178 2365469 3483445 5388660 5454196 5454197 5454196 3483702 5454197 
3483446 3483446 3483445 2431005 3745570 3745571 2365469 2365469 2365468 1117714 2365469 2365468 3548981 3483446 3483446 5388660 7763609 10964326 13903672 16419143 16419143 16502115 16502884 16507499 16508012 16511602 16511602 16511602 16504934 16431961 16414017 16400687 16399149 8007502 8007502 5590649 5790084 6852025 6785718 5592450 5591421 5590649 5590649 7757435 1117715 1052178 1117714 1117714 1117714 1117970 1117714 1117715 2365469 3483446 3548982 3483446 5454196 5388660 5454196 5454197 
3483446 3483702 3483446 3745570 3745570 3745570 2431005 2365469 2365469 1117714 2365469 2299932 3483446 3483702 5454196 3548982 5592450 11220560 16390434 16427858 16427858 16510833 16511602 16511602 16511602 16511602 16511602 16511602 16502883 16427858 16407352 16392484 16390434 5518939 5518939 5592450 5857934 7249353 7183046 5592450 5592450 5592450 5592450 5518939 2365469 1052178 1117714 1117715 1117715 1117970 1117714 1117714 2365469 3483446 3548982 3483446 3483447 3417910 3483190 3548983 
3548982 3483702 3745570 3745570 3745570 3811106 2299933 2365469 2299933 1117714 2365469 2299932 3548981 3483446 3548982 3483445 5592450 7237785 8685742 16396330 16396330 16429397 16430679 16511602 16511602 16511602 16511602 16511602 16510320 16508781 16431706 16422988 16421962 14622251 14622251 6984126 7050176 7249353 7183046 5592450 5592450 5592450 5592450 5518939 2365469 2299933 2365469 1117715 1117714 1117970 1117714 1117714 2365469 3483445 3483446 3483446 3483445 3548981 3483190 3483445 
3745570 3745826 3745570 3745570 3745570 2365468 2365469 2365469 2365469 1117715 2365469 2365469 2299933 3483446 3483447 3548982 5592450 6454183 7249353 16390434 16390434 16426320 16427858 16511602 16511602 16511602 16511602 16511602 16511602 16511602 16436064 16428884 16427858 16390434 16390434 7249353 7249353 7249353 7183046 5592450 5592450 5592450 5592450 5518939 2365469 2431005 2365469 2365468 2365468 1117970 1117715 1117715 2365469 2365468 2299933 2365469 3483446 3483446 3483702 3483446 
2365469 2365469 3745570 3745570 2365469 2299932 2365468 2365469 2299933 1117714 2365469 2299932 2365469 2365725 2299933 3483446 5518939 6450325 7249353 5518939 5518939 15931940 16390434 16427858 16430166 16511602 16511602 16511602 16511602 16511602 16511602 16511602 16511602 16427858 16427858 16390434 14492723 5592450 5592450 5592450 5592450 5592450 5592450 5518939 2365468 2365469 2365469 2365469 2299933 2365469 1117714 1117714 1117714 2365469 2365469 2365469 2365468 2299933 2365469 2365468 
3811106 3745570 3745570 2299933 2365469 1907492 1907492 2365469 2365468 1117714 1117970 1117715 2299933 2365725 2365469 2299932 5518939 6450325 7249353 5518939 5518939 15931940 16390434 16427858 16430166 16511602 16511602 16511602 16511602 16511602 16511602 16511602 16511602 16427858 16427858 16390434 14492723 5592450 5592450 5592450 5592450 5592450 5592450 5518939 2365469 2299933 2365725 2299932 2365469 2365469 1117715 1052178 1117970 2365468 2365469 2365469 2299932 2299933 3745826 3745570 
3811106 2365469 2365469 2299933 2365469 1973027 1907492 2365469 2365469 1117714 1117714 1117714 1052178 1117714 2299932 2299932 5518939 6450325 7249353 7249353 7249353 5585504 5518939 16390434 16395048 16427858 16433756 16511602 16511602 16511602 16511602 16511602 16511602 16511602 16511602 16427858 16421194 16390434 15866919 5592450 5592450 5592450 5592450 5518939 2299933 2365469 2365469 2299932 2234397 2365469 1117714 1117714 1117970 1117714 2365469 2365469 2365469 2365469 2365469 2365469 
2365468 2365469 2299932 2431004 1973028 1117714 1973027 2365469 2365469 1117715 1117714 1117715 1117715 1117970 1117714 2365468 5518939 6317711 6984126 7249353 7249353 5851761 5785197 14622251 14887983 16421962 16428886 16508781 16510063 16511602 16511602 16511602 16511602 16511602 16511602 16430679 16424783 16396330 15938093 7293811 6443131 5592450 5592450 5518939 2365468 2365469 2365469 2365469 2365469 2365469 1117715 1117715 1117714 1117715 2299933 2365469 2365469 2365468 2365469 2365469 
2299933 1973028 1973027 2038564 1972772 1973028 2365469 2365469 1117715 1117715 1117714 1117715 1117714 1117970 1117715 2234397 5518939 5588591 5592450 7249353 7249353 7249353 7249353 5518939 6894164 16390434 16402482 16427858 16436577 16511602 16511602 16511602 16511602 16511602 16511602 16511602 16508524 16427858 16426064 16390434 10762324 5592450 5592450 5518939 3745570 2299933 2365469 2365469 2365469 2365469 1117715 1052178 1117714 1117715 1117714 2365469 2365468 2234397 2365469 2365469 
2299933 2365725 1973028 1907492 2365469 2365469 2299933 1117714 1117715 1117715 1117714 1117715 1117714 1117970 2365468 2299933 8086912 6772860 5590391 6785718 6785718 7249096 7249353 8465996 9449544 16400431 16410941 16432731 16504678 16511602 16511602 16511602 16511602 16506729 16506729 16501346 16498269 16417861 16285508 13443377 9320534 5590391 5590391 8086912 3745570 2365469 2365469 2299933 2365468 2365469 2365468 1052179 1117970 1117714 1117714 1117970 2365469 2365468 2365469 2299933 
2234397 2365469 2365469 2299932 2365469 1117714 1117714 1117970 1117715 1117715 1117970 1117714 1117714 1117714 2365468 2365469 2365469 2365469 5518939 5592450 5592450 7183046 7249353 16390434 16395048 16427858 16433756 16511602 16511602 16511602 16511602 16511602 16511602 16427858 16427858 16408117 16405042 16390434 15866405 5518939 5518939 5518939 5518939 2365469 3745570 2365469 2365469 2299933 2299933 2365469 2365469 1117715 1117970 1117715 1117714 1117970 1117714 1117714 2365469 2365469 
1117714 1117714 1117714 1117715 1117970 1117715 1117714 1117970 1117714 1117714 1117970 1117715 1117715 2365469 2365468 2365468 2365469 2365469 5518939 5592450 5592450 9794710 9991575 16401712 16405558 16433244 16502883 16511602 16509037 16506216 16502884 16500576 16500064 16416580 16416580 13128256 13125950 13115955 12788534 5521255 5519969 5518939 5518939 3745570 3745570 2365468 2365469 2365468 2431005 2365469 2365469 1117714 1117970 1117715 1117715 1117970 1117714 1117714 1117714 1117714 
1117714 1117970 1117715 1117715 1117714 1117714 1117714 2365469 1117714 1117715 1117970 1117715 1117714 2365469 2365469 2365468 2365469 2365469 5518939 5592450 5592450 15932198 16390434 16427858 16430166 16511602 16511602 16511602 16502883 16427858 16417090 16409143 16408117 16390434 16390434 5518939 5518939 5518939 5519197 5592450 5522798 5518939 5518939 3745570 2365469 2365468 2365469 2365468 2365469 2365469 2299932 1117715 1117714 1117714 1117714 1117714 1117714 1117714 1117970 1117714 
1117714 1117714 1117715 1052178 1117714 1117715 2299932 2365469 2299932 1117715 1117970 1117715 1117714 2365469 2365468 2299932 2365469 1973028 1973028 15081518 15081518 16437350 16504936 16509294 16507755 16430166 16424526 16412732 16404274 16395048 11154497 7354964 6830935 6828884 6828884 5591421 5591421 5591421 5591164 5519968 2365469 3745570 3745570 2365469 2299933 2299933 2365469 2365469 2365469 2365469 2365469 1052178 1117970 1117714 1117714 1117970 1117715 1117715 1117714 1643546 
2365469 2365469 1117715 1117714 1117714 2365468 2299933 2365469 2299933 2365469 1117970 1117714 1117715 1117970 2299932 2365469 1973028 1973027 1973028 16390434 16390434 16509295 16511602 16511602 16509294 16427858 16421449 16408117 16399660 16390434 10430785 6108248 5518939 5518939 5518939 5592450 5592450 5592450 5592192 5518939 2365469 3745570 3745570 2365469 2365469 2365469 2365469 2299932 2365469 2365469 1117715 1117714 1117714 1117715 1117714 2365469 2365469 2299932 2365469 2365468 
2299933 2365469 2365468 1117714 2365469 2299933 2365469 2365469 2299932 2431005 1117970 1117714 1117714 1117714 1117714 1117714 2365725 2365468 14558244 16490836 16490836 16434270 16434782 16422220 16420169 16404532 14175292 9585997 9582921 9579334 7421023 5785713 5589363 5589363 5589363 5522026 5522026 5522026 5850733 2299933 3745570 3745570 2299933 2365469 2365469 2365469 2365469 2365468 2299933 1117970 1117715 1117715 1117970 1117715 1117714 2365469 2365468 3548981 3483446 2365469 
2299933 2365469 2299933 2365469 2365469 2365468 2365468 2365725 2365468 2299932 2365469 2299932 1117714 1117970 1117714 1117714 1117970 14558244 16390434 16511602 16511602 16428627 16427858 16408117 16405811 16390434 12853812 5518939 5518939 5518939 5588849 5591936 5592450 5592450 5592450 5518939 5518939 5518939 5979745 2299932 2365469 2365469 2431005 2365725 2365469 1907492 1973028 2299933 2234397 1117714 1117714 1117714 1117714 1117715 1117714 2365469 3483446 3483446 3483446 2299933 
2299933 2365469 2365469 3483446 3483446 3483445 3614517 3483446 3483444 2299933 2365469 2299932 1117715 1117970 1117714 16390434 16390434 16409915 16427858 16408117 16408117 16391203 16390434 5518939 5518939 5518939 5518939 5518939 5518939 5518939 5518939 5518939 5518939 5518939 5518939 1117715 1052178 2365469 2365468 2365469 2365469 2365468 2365469 2365469 1907492 1973028 1973028 2299932 2299933 2365725 1117714 1117714 1117970 1117714 2299933 2365725 3483445 5454196 3483190 2365469 
3548982 3483446 3548982 5388661 5453940 5454196 5454196 3483702 3483446 3483446 3483702 2365468 2365468 1117970 1117714 16390434 16390434 16409915 16427858 16408117 16408117 16391203 16390434 3548981 3483446 3483702 5454196 3548982 3483702 2299933 1117715 1117970 1117714 1117714 1117970 1117715 2299933 2365469 2299932 2365469 2365469 2365469 2299933 2365469 1973027 1907492 1973028 2299932 2365468 2365725 1117715 1117714 1117970 2365469 2431005 3483702 3483446 5454197 3483702 2299933 
3483446 3483446 5454197 5454196 5454196 5454196 5388660 5453940 3483446 3548982 3483702 2365469 2365468 16327724 16326954 16390434 16390434 16391459 16392484 1117970 1117714 2365468 2365469 3548981 3483446 5454196 5388660 3548982 3483446 2365468 1117714 1117970 1117715 1052178 1117714 1117715 2299933 2365469 2299932 2365469 2365469 2365468 2365468 2365469 1973027 2038564 1973028 2365468 2299933 2365469 1117715 1117715 1117970 2299932 2365469 3483702 5454197 3548982 3483958 2299932 
3548982 3483702 3483445 3548982 3483702 3548983 3548982 3483446 3745571 3548982 2365469 2365468 2365469 16390434 16390434 16390434 16390434 16390434 16390434 1117714 1117714 2299933 3483702 3483447 5388660 5453940 5454197 3483446 3483446 2299932 1117714 1117970 1117715 1117715 1117970 1117714 2431005 2365469 2299933 2299933 1973028 1973027 2431005 1973028 1973029 1973028 1973028 2299933 2365468 2365469 1117714 1117714 1117970 2365469 2365469 3483702 3483446 3548982 3483702 2299932 
2365469 3483958 3548982 3483446 3483446 3483446 3548982 3745570 3745570 2299932 2365469 2299933 2299933 2365469 2365469 1973028 2365469 2365468 1052179 1117714 2365468 3483446 3483446 5388661 5388660 5454196 3483446 3483445 3483702 2365468 1117714 1117970 1117714 1117714 1117970 1117714 1117715 2365469 2299932 2431005 2365725 1973028 1907492 1973028 1973028 1973028 2365469 2365469 2234396 1117970 1117715 1117714 2365469 2365468 2431005 3483190 3483446 3548982 2365725 2365469 
2365469 3483446 3483446 3548982 2365469 2299932 2299933 3745826 2365468 2299933 2365469 2299933 2299932 2365725 1973026 1973028 2365469 2365468 1117715 2365469 2365469 3548982 5454196 5388660 5388660 3483958 3483446 3548981 3483702 2299933 2365469 1117970 1117714 1117714 1117970 1117715 1052179 2365469 2365469 2365468 2365469 2365468 2299933 2365469 2299932 2299933 2365469 2365469 1117714 1117714 1117714 1117714 2365469 2365469 2365469 3483702 3483446 2299933 2365469 2299933 
2365468 3483702 2365469 2299932 2365469 2365468 3745570 3745826 3745571 2365469 2365469 2365468 2365469 1973028 1907492 1907492 2365469 2365468 1117714 2365469 2299932 3548981 5453940 5454196 3483446 3745570 3483446 3548981 3483446 2299932 2365468 2365469 1117714 1117714 1117714 1117714 1117714 1117970 1117715 2299933 2365469 2365468 2299933 2365469 2365469 2299932 1117714 1117715 1117714 1117714 1117715 1117714 1117714 2365469 2365469 3483958 2365468 2365469 2365469 2365468 
2299933 2365469 3745570 3811106 3745826 3745570 3811106 3745826 3745571 2299933 2365469 2365468 2299932 1973028 1973027 2299933 2365469 1117715 1117714 2365469 2299932 3483446 3483446 3483446 3548981 3745570 3745570 3483446 3483446 2299933 2365469 2365725 1117715 1052179 1117714 1117715 1117714 1117714 1117715 1117714 1117714 1117715 1117714 1117714 1117715 1117715 1117970 1117715 1052178 1117714 1117714 1117714 1117970 2365468 2365469 2365725 2365468 2299933 2365469 2365469 
2365469 2365469 2365468 2299933 2365469 2365468 3811106 3745570 3745570 2299933 2365469 2365469 2365468 2365469 2299933 2365469 2365725 1117714 1117714 2365469 2365468 3548982 3483190 3483445 3745570 3745826 3745570 3548981 2365469 2299933 2365469 2365725 1117714 1117714 1117714 1117714 1117715 1117970 1117715 1117714 1117714 1117714 1117715 1117714 1117714 1117714 1117714 1117714 1117715 1117970 1117714 1117715 1117970 1117714 2299933 2365725 2365468 2299932 2365469 2365468 
2365469 2365469 2299933 2365469 2365469 3745570 3745570 3745826 2365468 2365468 1973028 2365468 2234396 2365469 2299933 2299933 2365469 1117714 1117715 2365469 2299933 3483446 3483702 3745570 3745570 3745570 3745570 2299933 2365725 2299933 2299933 2365469 1117715 1117714 1117714 1117714 1117714 1117714 1117714 1117714 1117714 1117714 2365469 2365469 2365468 2234397 1117970 1117714 1117714 1117714 1117715 1117714 1117714 1117715 2299933 2365469 2365468 2365469 2365469 2299932 
2365468 2365469 2299932 2365469 2365469 3745571 3811106 2365725 2365468 1973028 1973028 2365469 2365468 1117714 1117714 1052179 1117714 1117714 2365469 3745570 3745570 3745570 3745826 3811106 3745570 3745570 3745570 2299933 2365469 2365469 2431005 2365469 2365469 1117715 1117714 1117714 1117714 1117970 1117715 1117714 2365469 2299932 3548982 3483958 3483446 2365469 2365469 1117714 1117715 1117714 1117714 1117715 1117970 1117714 2299932 2365469 2365468 2299933 2365469 2365469 
2299933 2365469 2365468 2299932 2365725 2365469 2365469 1973028 1973027 1973028 2365725 2299932 1117714 1117714 1117714 1117714 1117714 2299933 2365469 2365469 2365469 2365469 3745826 3745570 3811106 2365469 2365469 2431005 2365469 2365468 2365469 2365469 2365468 2299932 1117970 1117715 1117714 1117714 2299932 2365469 2365469 3548981 3483446 5453940 3483446 2365468 2365469 2299933 1117715 1117714 1117715 1117715 1117714 1117715 1117715 2365469 2365468 2365469 2365725 2365469 
2365469 2365469 2365469 2365469 2365469 1973026 1907492 1973028 1973027 2299933 2365469 2365469 1117714 1117970 2365468 2365469 2365469 2299933 2365468 2365469 2365469 2365469 3745570 3745570 2365469 2365469 2299933 2299933 1973028 1973027 1973028 1973028 2299932 2299933 1117714 1117715 1117714 1117714 2299933 2299933 3483702 5454197 5454197 5453940 3548981 2299932 2365469 2365469 1117714 1117714 1117714 1117714 1117714 1117714 1117714 1117714 1117715 2431005 2365469 2299932 
1117714 2365469 2299932 2365468 1972772 1973027 2365468 2365469 2365468 2299933 2365469 1117714 1117714 2365725 2365468 2299933 2365725 2299933 2365468 2365469 2365469 2299933 2365469 2365469 2299933 2365469 2299932 2299932 1973028 1973028 1973028 1973028 2365468 2365469 1117714 1117715 1117714 1117970 2365468 3548982 5454196 5454197 3548982 3483702 3483445 2299933 2365469 2299933 1117714 1117970 1117714 1117714 1117714 1117714 1117714 1117970 1117715 1117714 1117714 2365468 
1117715 1117714 2299932 2365468 2365469 2299933 2299932 2365725 2365468 2299933 1117970 1117714 1117714 2365469 2365468 2299932 2365469 2365469 2299932 2365469 2365469 1907492 2365725 2365469 2234397 2365469 2299932 2365469 2365469 2365468 2365468 2365469 2365468 1117714 1117714 1117715 1117714 1117714 2365469 3548982 3483702 3483445 3548982 3745570 3745570 2299932 2365469 1117714 1052179 1117714 2365468 2365469 2365469 1117714 1117714 1117970 1117714 1117715 1117970 1117715 
1117714 1117970 1117714 1117715 2365725 2299933 2234397 1117970 1117714 1052179 1117714 1117714 2365469 2365469 2365468 2299932 2365469 2299933 2299932 2365725 2365468 2038564 2365469 2299932 1117714 1117970 1117714 1117714 1117714 1117714 1117714 1117714 1117714 1117714 1117970 1117715 1117715 1643802 3351337 3483446 3745570 3745570 3483446 3745570 2299933 2365468 1117714 1117714 1117714 2365469 2365469 3548981 2365469 2365468 2299933 2365469 2365468 1117714 1117970 1117714 
1117715 1117970 1117715 1117714 1117714 1117714 1117715 1117970 1117714 1117714 1117714 1117714 2365469 2365469 2365469 2299933 2365469 2365469 1907492 1973028 1907492 1973028 2365469 2365469 1117714 1117970 1117714 1052179 2365469 2365469 2299932 1117970 1117714 1117714 1117970 1117715 1117714 1643546 2365469 2299932 3745570 2365469 3745570 3746082 2299933 2431004 1117970 1117715 2365469 2365469 5454196 3548982 3483702 2299932 2299932 2365469 2365468 2365469 1117714 1117714 
1117715 1117970 1117714 1117714 1117970 1117715 1117714 1117714 1117714 1117714 1117714 1117715 2365469 2365469 2299932 2299933 2365725 1973028 2431005 2365469 2299933 2299933 2365469 1117715 1117714 1117970 2299932 2299933 2365469 2365468 2365468 2365469 2365468 2365469 2365469 2365469 1578011 1643546 2299932 2299933 3745570 3745570 3745570 3745314 2365468 2365468 1117714 1117714 2299933 2365469 3548982 3417909 3483958 2299932 2365469 2365725 2299932 2365469 2365469 1117714 
1117714 1117714 1117714 1117714 1117714 1117715 1117714 1117970 1117714 1052178 1117714 1117714 2365469 2365469 2299932 2299932 2365469 2365468 2299933 2365469 2365468 2365469 2365469 1117715 1117714 1117714 2365469 2431004 3483702 3548981 3548982 2365725 2365468 2365469 2365469 2365468 1578011 1117970 1117715 2299933 2365725 3745570 3745570 2365469 2299932 2299932 1117970 1117715 2299933 2365469 2365469 2299933 2365469 2365468 2365469 2365469 2299933 2299933 2365469 2299933 
