1643547 1643802 1578011 1643546 1643802 1643547 1643546 1643546 1578010 1643546 1643802 1578011 1578010 1643546 1643546 1643547 1643546 1643546 1643546 1643802 1643546 1643546 1643546 1578011 1643546 1643546 1643546 1643546 1643546 1643547 1643547 1643546 1578011 1643547 1643802 1643546 1643546 1643802 1643547 1643547 1643546 1643546 1643546 1643546 1643546 1578010 1643802 1643546 1578010 1643546 1643546 1643546 1643802 1578011 1643547 1643546 1578010 1643547 1643802 1578011 
2762547 2827827 2828083 2762547 2827827 2828083 2828083 2828083 2828083 2762547 1643802 1643546 1578011 1643546 1578010 2762547 2828083 2828082 2828083 2827827 2828083 2828083 2828083 2828083 2828083 2827827 2828083 2828082 2827827 1643547 2828083 2828083 2762547 2828083 1643802 2828083 2828083 1643802 2828082 2828083 2762546 2762547 2828082 2827827 2762546 1643802 1643546 2828083 2828083 2828083 2827827 2828083 2828083 2827827 2828083 2827826 2828083 2828083 2762291 2827827 
5525399 5590934 5525399 5525398 2827827 2828083 2828082 5590678 2828083 2762547 5590934 5590934 2762547 8228029 8162492 5525398 8228029 5590935 5525399 5590678 5525399 5525399 5590934 1643547 1643546 1643802 1643546 1578010 1643546 1643546 1643546 1643802 1643546 1643547 1643546 1578010 1643546 5590934 5590934 5590934 5590934 5525398 5525398 8228285 5525143 8228028 8228028 2828083 5590935 5590934 2762290 2828082 5525398 2828082 2762547 2827827 5590934 5590678 5590935 5525398 
5590934 8228029 8228029 8228029 8228285 8162493 8162493 8228029 8162492 8162493 8228029 5525399 5590934 5590678 5525399 5525399 5590678 5525399 5525399 5590678 1578010 1643546 1643546 1643547 1578010 1643546 1643546 1643546 1643546 1643546 1643546 1643546 1578010 1643546 1643546 1643546 1643547 1578266 1643803 1643547 5525143 5590678 5590679 5590678 5525398 5590934 5590678 5590934 5525398 8228285 8228029 8228028 8162493 8162493 8162492 8228285 8162493 8228284 8228284 5590934 
5590934 8228285 8162493 8228028 8228029 8228028 8228028 8228029 8228029 3748456 3682921 3748457 2762546 5590934 5525399 8162493 8228285 5590935 1578011 1643802 1643547 1643546 1643546 1643546 1643547 1643802 1578011 1643546 1643546 1578010 1643546 1643546 1578010 1643546 1643802 1578010 1643546 1643802 1578267 1643803 1643802 1578011 5590679 8162492 8162493 5590934 5525398 2762547 3682920 3683177 3748457 8228284 8228284 8228029 8228029 8228285 8228285 8228284 8162749 5590935 
5525398 5590934 5525399 5590934 5590678 5525398 5590934 5590678 5590935 2828083 2827827 2828083 2762547 5590678 5590934 8162492 1643802 1643547 1578011 1643546 1643547 1578011 1643802 1643546 1643547 1643546 1578010 1643546 1643546 1643546 1643547 1643546 1578010 1643547 1643546 1578010 1643546 1643803 1643802 1643547 1643802 1578010 1643802 1643803 8162492 5590934 5590678 2762547 2827827 2827827 2828082 5590935 5590679 5590934 5525398 5590678 5590934 5590934 5590679 5525398 
1643546 8228029 8228028 8228029 8228029 8228029 8162492 8228029 8228028 8162492 5590678 2828082 5590934 5590678 8228029 1643547 1643546 1643546 1578010 1643546 1643546 1578010 1643546 1578010 1643547 1643802 1643546 1643547 1643546 1643546 1643546 1643802 1643546 1643546 1643546 1578010 1643547 1643802 1578010 1578010 1643802 1578010 1578011 1578010 1643803 8228284 5590935 5525143 2827826 5590934 8162492 8162748 8228285 8228285 8228284 8228285 8228284 8228028 8228029 1578010 
1643546 1643802 2762547 2828083 2827827 2762546 2828082 2827827 2828083 2762547 2827827 2762546 5525398 5590678 1643547 1578011 1643546 1643546 1643547 1643802 1643546 1578011 1643546 1643546 1643547 1643546 1643546 1643546 1643546 1643546 1643547 1643546 1578010 1643547 1643546 1578010 1643547 1643546 1578010 1643547 1643546 1578266 1643547 1643546 1578266 1643802 5590935 5525142 2828083 2827827 2762547 2827826 2762547 2762547 2762547 2827827 2827827 2762547 1643802 1643802 
1643547 1643546 1578010 2762547 5590934 8162493 5525398 5590934 5590934 2762547 2827827 2762546 5525398 1643546 1643546 1643546 1643546 1643546 1643547 1643802 1643546 1643547 1643546 1643546 1643547 1643546 1643546 1643546 1643546 1643546 1643546 1643802 1643546 1643546 1643546 1643546 1643546 1643546 1643546 1643547 1643546 1643546 1643546 1643546 1578011 1643802 1643802 5525398 2828083 2827827 2762547 5590934 5525399 5525398 8228029 5590679 2828083 1643547 1643546 1643546 
1578010 1643802 1578011 2762547 5590934 8228029 5590934 8228029 5590934 2828082 1643546 2762547 6380934 1643802 1643547 1578011 1643546 1578010 1643547 1643546 1643546 1643546 1643546 1643546 1643547 1643546 1643546 1643546 1643546 1643546 1643546 1643802 1578010 1643546 1643546 1643546 1643547 1643802 1643546 1643546 1643546 1578010 1643546 1643802 1643546 1643547 1643802 6315399 2828083 1643546 2762547 5590935 8228029 5525398 8228285 5590678 2827826 1578010 1643802 1578010 
1643546 1643802 1578011 2828083 5590678 8228028 3748457 8228285 8162492 2762547 1643802 1578011 1643546 1643802 1643546 1643547 1643546 1578010 1643547 1643802 1643546 1643546 1643546 1643546 1643546 1643546 1578010 1643547 1643546 1643546 1643546 1643546 1643546 1643547 1643546 1578010 1643547 1643802 1643546 1643547 1643802 1578010 1643546 1643802 1643546 1643546 1643546 1578010 1643547 1643802 2827826 8228284 8228285 3748457 8228284 5590934 2827827 1643546 1643547 1643802 
1578010 1643802 1578010 2762547 5590678 8162492 3748456 8228029 8228029 2762547 1643546 1578010 1643546 1643802 1643546 1643546 1643802 1643546 1643546 1643802 1643546 1643546 1643802 1643546 1643547 1643546 1643546 1643546 1643802 1578010 1643546 1643546 1643546 1643546 1643546 1643546 1643547 1643546 1578010 1643547 1643546 1578010 1643547 1643802 1643546 1643546 1643802 1578266 1643547 1643802 2762547 8228028 8162749 3748456 8228285 5590678 2828083 1643802 1578010 1578010 
1643546 1643802 1643546 2828083 5590934 8162492 3748457 8228285 8228028 2828083 2827827 1643547 1643547 1643546 1578010 1643546 1643546 1578010 1643547 1643546 1643546 1643546 1643802 1643546 1643546 1643802 1643546 1643547 1643546 1643546 1643547 1643802 1643546 1643547 1643546 1643546 1643547 1643546 1578010 1643546 1643802 1643546 1643546 1643546 1578010 1643547 1643546 1578011 1578010 2827827 2762291 8228285 8228284 3682921 8228284 5590934 2828083 1643546 1643803 1643547 
1643546 1643802 1643547 2762547 5590678 8162493 3748457 8228285 5525399 2828082 6380935 1578010 1643546 1643802 1643546 1643547 1643546 1643546 1643546 1643546 1643546 1643547 1643802 1643546 1643546 1643546 1578010 1643546 1643802 1578010 1643546 1643802 1643546 1643546 1643802 1578010 1643546 1643802 1578010 1643547 1643802 1643546 1643547 1643802 1643546 1643547 1643546 1643546 1578010 6380934 2762547 5525399 8162749 3748457 8162492 5525398 2762547 1643803 1643546 1578010 
1643547 1643802 1643546 2828082 5590934 8228028 3748457 5590934 5590934 2828083 2827827 1643546 1643546 1643546 1643546 1643546 1643546 1643546 1643547 1643546 1643546 1643547 1643546 1643546 1643546 1643546 1643546 1643546 1643802 1643546 1643547 1643546 1578010 1643546 1643546 1643546 1643547 1643546 1643546 1643546 1643546 1578010 1643546 1643546 1578010 1643546 1643546 1643546 1643546 2827827 2828083 5590934 5590934 3748457 8228029 5590678 2827827 1578010 1643803 1643546 
1578011 1643546 1643546 2828082 5590678 8162493 5590935 5590678 5525399 2828083 6380679 1643546 1643547 1643546 1643546 1643547 1643802 1578010 1643547 1643546 1578010 1643546 1643802 1643546 1643547 1643546 1643546 1643546 1643546 1643546 1643546 1643546 1643546 1643546 1643546 1578010 1643546 1643546 1578010 1643547 1643802 1578010 1643546 1643546 1578010 1643546 1643802 1578010 1578010 6380679 2828083 5590935 5590678 5525398 8162492 5590679 2762546 1578010 1578010 1643546 
1643546 1643546 1643546 2828082 5590678 8228029 5590935 5590934 5590935 2762547 2827827 1643546 1643546 1643802 1643546 1643546 1643546 1643546 1643547 1643546 1643546 1643546 1643546 1643546 1643547 1643546 1578010 1643546 1643546 1578010 1643547 1643546 1578010 1643546 1643802 1643546 1643547 1643546 1643546 1643546 1643546 1643546 1643546 1643546 1643546 1643547 1643546 1643546 1643803 2827827 2762546 5590934 5590679 5590934 8162748 5590678 2762546 1643802 1578266 1578267 
1643547 1643802 1643546 2762547 5590934 8162493 5590934 5590934 5590935 2762546 2828083 1578010 1643546 1643802 1643546 1643547 1643802 1578010 1643546 1643802 1578010 1643547 1643546 1578010 1643546 1643802 1643546 1643547 1643802 1643546 1643547 1643546 1578010 1643546 1643546 1643546 1643546 1643802 1643546 1643547 1643546 1578010 1643546 1643546 1578010 1643546 1643546 1643546 1643546 2762290 2828083 5525398 5590935 5525398 8228028 5590934 2762546 1578267 1643803 1578010 
1643547 1643546 1643546 2762546 5590678 8228028 5525399 5590678 5590934 2762547 6380679 1643546 1643547 1643802 1578010 1643546 1643802 1643546 1643546 1643802 1578010 1643546 1643546 1578010 1643546 1643546 1578010 1643547 1643546 1643546 1643547 1643546 1643546 1643546 1643802 1643546 1643547 1643802 1578010 1643546 1643546 1643546 1643546 1643802 1643546 1643546 1643546 1643546 1643802 6380679 2828083 5590935 5525398 5525398 8162492 5590935 2762547 1643802 1643802 1578010 
1643547 1643546 1643547 2762546 5590678 8228029 3682920 5590934 5590935 2828083 2827827 1643546 1643546 1643546 1643546 1643546 1643546 1578010 1643547 1643546 1578010 1643547 1643802 1578010 1643546 1643546 1578010 1643547 1643802 1578010 1643547 1643802 1578010 1643547 1643546 1643546 1643547 1643546 1643546 1643546 1643546 1643546 1643546 1643546 1643546 1643546 1643802 1578010 1643546 2828083 2762547 5525399 5525399 3682921 8228284 5590678 2762547 1643546 1643803 1578267 
1643546 1643546 1643546 2762547 5590934 8162493 3682921 8228285 8228028 1578010 2827827 1643546 1643547 1643546 1578010 1643546 1643802 1643546 1643546 1643546 1578010 1643546 1643546 1643546 1643546 1643546 1643546 1643546 1643802 1643546 1643547 1643546 1643546 1643546 1643546 1643546 1643547 1643546 1643546 1643547 1643546 1643546 1643547 1643802 1578010 1643546 1643802 1578010 1578010 2828083 1643802 8228028 8228285 3682920 8228029 5590679 2762546 1643547 1643802 1578010 
1643546 1643546 1643546 2762546 5590934 8228029 3682921 8228029 8162493 2762547 1643546 1578010 1643547 1643546 1643546 1643546 1643546 1643546 1643546 1643546 1578010 1643546 1643546 1643546 1643546 1643802 1578010 1643547 1643546 1643546 1643547 1643802 1643546 1643547 1643546 1643546 1643547 1643546 1643546 1643546 1643802 1643546 1643547 1643802 1578010 1643546 1643802 1578010 1643546 1643546 2828083 8162493 8162493 3682921 8228029 5590678 2762546 1578267 1578010 1643546 
1643547 1643546 1643546 2762546 5590678 8228028 3748457 8228029 5590934 2828083 1643802 1578011 1643547 1643546 1578010 1643546 1643546 1578010 1643546 1643802 1578010 1643546 1643802 1643546 1643546 1643546 1578010 1643546 1643802 1578010 1643546 1643802 1643546 1643547 1643802 1643546 1643546 1643546 1643546 1643547 1643546 1643546 1643546 1643546 1643546 1643547 1643802 1578010 1643546 1643546 2827827 5590678 8162748 3748457 8228029 5525398 2762547 1578011 1578266 1643546 
1643547 1643546 1643546 2828082 5590678 8162493 5590934 5590678 5525399 2828082 2827827 1578011 1643546 1643802 1643546 1643546 1643546 1643546 1643547 1643546 1643546 1643547 1643546 1578010 1643546 1643802 1643546 1643547 1643546 1578010 1643546 1643546 1643546 1643547 1643802 1643546 1643546 1643546 1643546 1643546 1643802 1643546 1643546 1643802 1643546 1643547 1643546 1643546 1578011 2762291 2828083 5590935 5590678 5590935 8228028 5590934 2828083 1643803 1643802 1643546 
1643546 1643802 1643546 2762546 5590678 8162493 5590935 5590678 5590934 2828082 6380679 1578010 1643546 1643546 1643546 1643546 1643802 1643546 1643546 1643546 1578010 1643546 1643546 1578010 1643546 1643546 1578010 1643546 1643546 1578010 1643546 1643546 1578010 1643546 1643546 1643546 1643546 1643802 1643546 1643546 1643546 1643546 1643546 1643546 1578010 1643547 1643546 1578010 1643547 6380679 2828083 5525398 5525143 5590934 8228285 5590679 2762547 1578011 1643546 1643802 
1643547 1643546 1643547 2828082 5590678 8162492 3682921 5590678 5525398 2762547 2828083 1578010 1643546 1643546 1643546 1643547 1643802 1578010 1643547 1643802 1578010 1643547 1643546 1643546 1643547 1643802 1643546 1643546 1643802 1643546 1643546 1643546 1578010 1643547 1643546 1643546 1643546 1643802 1578010 1643546 1643546 1578010 1643547 1643546 1643546 1643546 1643802 1578010 1643546 2827827 2828083 5525399 5590679 3748713 8228284 5590678 2828083 1643547 1643546 1643802 
1643546 1643546 1643546 2762546 5590934 8228028 3682921 8228285 5590934 2762547 6380679 1643547 1643546 1643802 1643546 1643547 1643546 1578010 1643547 1643546 1578010 1643546 1643802 1643546 1643546 1643546 1643546 1643546 1643546 1643546 1643547 1643546 1643546 1643546 1643546 1643546 1643546 1643802 1643546 1643546 1643546 1578010 1643546 1643802 1643546 1643547 1643802 1643546 1643803 6380935 2828083 5590934 8228285 3748457 8228028 5525143 2762547 1643547 1643802 1578266 
1643547 1643546 1643546 2762546 5590678 8228029 3748456 8228029 8228028 2762547 2828083 1643546 1643546 1643802 1643546 1643547 1643546 1643546 1643546 1643546 1643546 1643547 1643802 1578010 1643547 1643546 1643546 1643547 1643546 1578010 1643547 1643802 1643546 1643547 1643546 1578010 1643547 1643546 1578010 1643547 1643546 1643546 1643547 1643802 1578010 1643547 1643546 1643546 1643546 2827827 2762547 8228028 8228029 3682921 8162492 5590935 2762290 1643546 1643803 1578266 
1643546 1643802 1643547 2762547 5590934 8162493 3748456 8228029 8228029 2762547 6380679 1643547 1643547 1643802 1643546 1643546 1643546 1578010 1643546 1643546 1578010 1643546 1643546 1643546 1643547 1643546 1643546 1643546 1643802 1578010 1643547 1643802 1578010 1643546 1643546 1643546 1643546 1643546 1643546 1643546 1643546 1643546 1643546 1643802 1578010 1643546 1643546 1643546 1643546 6380679 2762546 8228028 8228284 3748457 8228029 5590678 2762290 1643546 1643547 1643802 
1643546 1643802 1643547 2828083 5590934 8228029 3682920 8228029 5590934 2828082 2828083 1578010 1643547 1643546 1643546 1643547 1643546 1643546 1643546 1643802 1578010 1643546 1643546 1643546 1643546 1643546 1643546 1643546 1643802 1578010 1643546 1643802 1578010 1643547 1643802 1643546 1643547 1643546 1643546 1643547 1643546 1643546 1643546 1643546 1643546 1643547 1643802 1643546 1643547 2828082 2828083 5590934 8162492 3748456 8162492 5590678 2828082 1643802 1643802 1643546 
1578010 1643802 1643547 2828083 5590678 8228029 3682920 5590678 5590935 2828083 1643546 1578011 1643546 1643546 1578010 1643546 1643546 1643546 1643546 1643546 1578010 1643546 1643802 1643546 1643546 1643546 1643546 1643546 1643802 1578010 1643547 1643802 1578010 1643547 1643802 1578010 1643546 1643802 1643546 1643546 1643802 1643546 1643547 1643802 1578010 1643546 1643546 1643546 1578266 1643802 2762547 5525398 5525398 3683177 8228029 5590678 2828082 1578267 1578010 1643546 
1643547 1643546 1578011 2762547 5590678 8162493 5525399 5590678 5525398 1643546 1643546 1578010 1643547 1643546 1643546 1643547 1643802 1643546 1643547 1643546 1643546 1643546 1643546 1643546 1643547 1643546 1643546 1643546 1643802 1643546 1643546 1643802 1578010 1643546 1643802 1643546 1643547 1643802 1643546 1643547 1643546 1578010 1643547 1643546 1643546 1643546 1643802 1643546 1643546 1643803 1578010 5590935 5590934 5525399 8162493 5590678 2827827 1643547 1578266 1578010 
1643546 1643802 1643547 2762547 5590934 8162493 5525398 5590678 5525398 2828083 1643546 1643547 1643546 1643802 1643546 1643546 1643802 1643546 1643546 1643802 1578010 1643546 1643802 1578010 1643546 1643802 1643546 1643546 1643546 1578010 1643546 1643546 1643546 1643546 1643802 1578010 1643546 1643546 1643546 1643546 1643802 1643546 1643546 1643546 1578010 1643546 1643546 1578010 1643546 1643802 2762547 5590934 5590934 5590679 8162493 5590678 2827826 1643802 1643802 1643802 
1643546 1643546 1643547 2828082 5590678 8162492 5590934 5590934 5590934 2762547 6380679 1578011 1643547 1643546 1643546 1643547 1643546 1643546 1643546 1643802 1643546 1643546 1643546 1578010 1643546 1643546 1643546 1643547 1643802 1643546 1643546 1643546 1643546 1643547 1643546 1643546 1643546 1643802 1643546 1643546 1643802 1643546 1643546 1643802 1643546 1643546 1643802 1643546 1643546 6380679 2828083 5525142 5590934 5590679 8228028 5590678 2828083 1643546 1643546 1578010 
1643546 1643802 1643546 2828083 5590934 8228028 5590935 5590678 5590934 2828083 2827827 1643546 1643546 1643546 1643546 1643546 1643802 1578010 1643547 1643546 1643546 1643547 1643546 1578010 1643547 1643546 1643546 1643547 1643802 1578010 1643546 1643802 1643546 1643546 1643546 1578010 1643546 1643802 1643546 1643547 1643802 1578010 1643547 1643546 1643546 1643546 1643546 1578010 1578266 2827827 2828082 5525398 5590934 5525142 8228285 5590934 2828083 1643546 1578267 1578010 
1643546 1643802 1578010 2762547 5590934 8228028 3748457 5590678 5590934 2828083 6380679 1643546 1643546 1643802 1643546 1643546 1643802 1578010 1643547 1643802 1643546 1643547 1643546 1643546 1643547 1643802 1578010 1643546 1643546 1643546 1643546 1643802 1643546 1643547 1643546 1643546 1643546 1643802 1578010 1643547 1643546 1643546 1643546 1643802 1643546 1643547 1643546 1578010 1643547 6380678 2828083 5525399 5590679 3748457 8162492 5525143 2828083 1643547 1643802 1643547 
1578010 1643802 1578011 2762547 5590678 8228029 3748456 8228029 8228029 2762547 2827827 1643546 1643546 1643802 1643546 1643547 1643802 1643546 1643546 1643546 1643546 1643546 1643546 1643546 1643546 1643546 1578010 1643546 1643546 1578010 1643547 1643546 1643546 1643547 1643802 1578010 1643546 1643546 1643546 1643546 1643546 1643546 1643547 1643546 1643546 1643546 1643546 1578010 1578011 2827827 2762291 8228284 8162749 3682921 8228028 5525398 2762291 1578010 1578010 1578010 
1643547 1643546 1578010 2828083 5590934 8162493 3748456 8228029 8228028 2828083 2827827 1643547 1643546 1643802 1578010 1643546 1643546 1578010 1643546 1643546 1578010 1643546 1643802 1578010 1643546 1643802 1578010 1643546 1643546 1643546 1643547 1643546 1643546 1643547 1643802 1578010 1643547 1643546 1643546 1643546 1643802 1578010 1643547 1643546 1643546 1643546 1643802 1643546 1578011 2828083 2828083 8162493 8228029 3748713 8228028 5525398 2828083 1643802 1643802 1643802 
1643546 1643546 1643546 2762547 5590678 8228029 3748456 8228029 5590935 2828082 2827827 1578010 1643546 1643546 1643546 1643546 1643802 1643546 1643547 1643802 1643546 1643546 1643546 1578010 1643547 1643546 1578010 1643546 1643546 1643546 1643547 1643546 1643546 1643546 1643802 1643546 1643547 1643802 1643546 1643546 1643546 1643546 1643546 1643546 1643546 1643547 1643546 1578010 1643802 2827826 2828083 5590934 8228029 3682921 8228028 5590678 2827826 1643547 1643546 1643803 
1578010 1643546 1578011 2828083 5590678 8228029 3682921 5590678 5525399 2762546 6380935 1643546 1643546 1643546 1578010 1643546 1643546 1643546 1643547 1643546 1643546 1643547 1643802 1578010 1643547 1643546 1578010 1643546 1643546 1643546 1643546 1643546 1578010 1643547 1643546 1643546 1643546 1643802 1643546 1643546 1643546 1578010 1643546 1643546 1578010 1643546 1643546 1643546 1578010 6380679 2762547 5590935 5590678 3748457 8228028 5590934 2828083 1578010 1643803 1643802 
1643546 1643802 1643546 2762547 5590678 8228028 5525398 5590678 5590934 2762546 2827827 1578010 1643547 1643546 1643546 1643547 1643802 1643546 1643546 1643546 1643546 1643547 1643802 1643546 1643547 1643546 1578010 1643547 1643546 1578010 1643546 1643546 1578010 1643546 1643546 1643546 1643547 1643546 1578010 1643546 1643802 1643546 1643547 1643802 1578010 1643546 1643546 1643546 1578011 2827827 2762547 5525142 5590678 5590935 8228028 5590678 2762547 1643802 1643803 1643802 
1643546 1643546 1578010 2762547 5590678 8228029 5525398 5590934 5590935 2828083 6380935 1578010 1643546 1643546 1643546 1643547 1643546 1643546 1643547 1643546 1643546 1643546 1643546 1578010 1643546 1643546 1643546 1643546 1643546 1643546 1643547 1643802 1578010 1643547 1643546 1643546 1643546 1643546 1643546 1643546 1643546 1643546 1643546 1643546 1643546 1643547 1643546 1643546 1643803 6315399 2828083 5590935 5590934 5590934 8228029 5590678 2762547 1643546 1643802 1578010 
1643547 1643802 1643546 2762546 5590934 8228029 5590934 8228029 5525399 2762547 2828083 1578010 1643546 1643546 1578010 1643546 1643546 1578010 1643546 1643802 1643546 1643546 1643546 1643546 1643546 1643546 1578010 1643546 1643802 1578010 1643546 1643802 1643546 1643547 1643802 1643546 1643546 1643546 1643546 1643547 1643546 1643546 1643546 1643546 1578010 1643547 1643546 1578010 1578010 2827827 2827827 5525398 8228285 5590934 8228028 5590679 2828083 1643547 1578010 1643546 
1643546 1643546 1578011 2828083 5590678 8228029 3682920 8228029 8228029 2762547 6380679 1578010 1643547 1643546 1578010 1643547 1643546 1643546 1643546 1643802 1578010 1643546 1643546 1578010 1643546 1643802 1643546 1643546 1643546 1643546 1643546 1643802 1643546 1643547 1643546 1643546 1643547 1643546 1578010 1643546 1643546 1643546 1643546 1643546 1643546 1643546 1643546 1643546 1643546 6315398 2762291 8228029 8228029 3748457 8228029 5590934 2762546 1643546 1578266 1643546 
1643546 1643802 1643546 2828083 5590934 8228028 3682920 8228029 8162492 2828082 2827827 1578011 1643546 1643546 1578010 1643547 1643546 1643546 1643546 1643546 1578010 1643546 1643802 1643546 1643547 1643546 1578010 1643547 1643546 1578010 1643547 1643802 1643546 1643547 1643546 1578010 1643546 1643802 1643546 1643546 1643802 1643546 1643546 1643802 1643546 1643547 1643546 1578010 1643546 2762290 2828082 8162492 8162749 3748713 8228028 5590679 2828083 1643547 1643803 1643546 
1578011 1643546 1643547 2828082 5590678 8228028 3682920 8228029 8162492 2762547 2827827 1578010 1643546 1643802 1578010 1643546 1643802 1643546 1643546 1643802 1643546 1643546 1643802 1643546 1643546 1643546 1643546 1643546 1643546 1643546 1643547 1643802 1578010 1643546 1643546 1578010 1643546 1643802 1578010 1643547 1643546 1578010 1643547 1643802 1643546 1643546 1643802 1643546 1643547 2762291 2762546 8162493 8228029 3682921 8162492 5590678 2762547 1578010 1643547 1643546 
1643546 1643802 1643547 2828082 5590678 8228029 3748457 5590934 5525398 1643547 2828083 1643546 1643546 1643802 1643546 1643547 1643802 1578010 1643546 1643802 1578010 1643546 1643546 1578010 1643547 1643802 1643546 1643546 1643546 1643546 1643546 1643546 1643546 1643546 1643802 1643546 1643547 1643802 1578010 1643546 1643802 1578010 1643546 1643546 1643546 1643547 1643802 1643546 1578011 2828083 1578010 5525399 5525398 3683177 8228028 5590678 2827827 1578010 1643547 1643803 
1578011 1643802 1643546 2828083 5590934 8228028 5590934 5590678 5525399 2828083 1643546 1643546 1643546 1643546 1643546 1643547 1643546 1643546 1643546 1643546 1643546 1643547 1643546 1578010 1643546 1643546 1643546 1643546 1643546 1643546 1643546 1643802 1643546 1643547 1643546 1643546 1643547 1643802 1643546 1643547 1643802 1643546 1643546 1643546 1578010 1643547 1643802 1643546 1643803 1643802 2828082 5590934 5590934 5590678 8162493 5525399 2762547 1643546 1578266 1643803 
1643546 1643802 1643547 2762547 5590934 8228028 5525398 5590678 5525399 2762547 1643546 1643546 1643547 1643546 1643546 1643546 1643546 1643546 1643546 1643546 1643546 1643546 1643802 1643546 1643546 1643802 1578010 1643546 1643546 1643546 1643547 1643546 1643546 1643546 1643546 1643546 1643547 1643546 1643546 1643547 1643546 1578010 1643547 1643546 1578010 1643546 1643546 1643546 1578010 1578010 2762546 5590935 5525142 5590934 8162492 5590934 2828082 1643547 1643802 1643546 
1643547 1643546 1643547 2762546 5590934 8162493 5590935 5590678 5525398 2762547 1643802 1643547 1643547 1643802 1578010 1643546 1643546 1578010 1643546 1643802 1643546 1643547 1643802 1643546 1643546 1643546 1643546 1643547 1643546 1643546 1643546 1643546 1643546 1643547 1643546 1578010 1643546 1643802 1643546 1643547 1643546 1643546 1643547 1643546 1643546 1643547 1643546 1643546 1643546 1643546 2762547 5590934 5590679 5590934 8228028 5590934 2827827 1643547 1578267 1643546 
1643546 1643546 1643547 2762547 5590678 8228028 5590935 8228285 5590935 2762547 2827827 1643546 1643546 1643546 1643546 1643547 1643802 1643546 1643546 1643802 1578010 1643546 1643546 1643546 1643547 1643802 1643546 1643546 1643546 1643546 1643547 1643546 1643546 1643546 1643802 1643546 1643546 1643546 1643546 1643546 1643802 1578010 1643546 1643802 1643546 1643547 1643546 1643546 1643803 2762546 2762547 5525398 8228029 5590935 8228029 5525142 2762547 1643547 1643547 1578267 
1578010 1643802 1643546 2828082 5590934 8228029 3748457 8228285 8228029 2828082 6380935 1643546 1643546 1643546 1643546 1643547 1643802 1578010 1643547 1643802 1643546 1643546 1643802 1643546 1643546 1643546 1643546 1643546 1643546 1643546 1643546 1643546 1643546 1643547 1643546 1578010 1643546 1643546 1578010 1643546 1643546 1578010 1643546 1643802 1643546 1643547 1643546 1578010 1643547 6380679 2828082 8228029 8228284 3748712 8228029 5525398 2762547 1643546 1643802 1578266 
1643546 1643802 1643547 2828083 5590934 8228029 3682921 8228029 8228029 2762546 2828083 1643547 1643547 1643802 1643546 1643546 1643802 1578010 1643547 1643546 1643546 1643546 1643802 1643546 1643546 1643546 1643546 1643546 1643802 1643546 1643546 1643802 1643546 1643546 1643802 1643546 1643547 1643546 1643546 1643546 1643546 1578010 1643546 1643546 1643546 1643547 1643546 1643546 1578011 2827827 2762547 8228028 8228029 3748457 8228029 5590934 2762547 1643547 1643802 1643547 
1643546 1643802 1643546 2762547 5590678 8228028 3748457 8228029 5590934 2828083 6380935 1643546 1643547 1643802 1643546 1643547 1643546 1578010 1643546 1643546 1643546 1643546 1643546 1643546 1643546 1643802 1643546 1643546 1643546 1643546 1643547 1643546 1643546 1643546 1643546 1643546 1643547 1643546 1578010 1643546 1643802 1643546 1643546 1643546 1578010 1643547 1643802 1643546 1643546 6380935 2762547 5525399 8228284 3682921 8162493 5590935 2762290 1643802 1643802 1643546 
1643546 1643546 1578010 2762547 5590678 8228029 3748456 8228029 5590934 2762546 2828083 1578011 1643546 1643546 1643546 1643546 1643546 1643546 1643547 1643546 1643546 1643547 1643802 1643546 1643546 1643546 1643546 1643546 1643546 1643546 1643547 1643802 1643546 1643546 1643546 1578010 1643547 1643546 1578010 1643547 1643802 1578010 1643546 1643546 1643546 1643546 1643802 1643546 1643546 2762546 2762546 5590935 8228285 3682920 8162492 5590679 2828083 1578267 1578011 1578010 
1643546 1643546 1578010 2762547 5590934 8162492 3748456 5590934 5525399 2828083 6380935 1643546 1643547 1643802 1643546 1643547 1643546 1578010 1643547 1643546 1643546 1643546 1643546 1643546 1643547 1643546 1643546 1643546 1643802 1578010 1643546 1643546 1643546 1643547 1643802 1643546 1643546 1643546 1643546 1643547 1643802 1643546 1643546 1643802 1643546 1643547 1643802 1643546 1643546 6380935 2762547 5590935 5590679 3683176 8228285 5525398 2828083 1643547 1578010 1643546 
1643546 1643546 1578011 2762547 5590934 8162493 5525399 5590678 5525398 2828083 2827827 1643546 1643547 1643546 1578010 1643546 1643546 1643546 1643547 1643802 1578010 1643547 1643546 1578010 1643546 1643546 1578010 1643546 1643802 1643546 1643546 1643546 1643546 1643546 1643546 1643546 1643546 1643546 1578010 1643546 1643546 1643546 1643547 1643546 1643546 1643547 1643546 1578010 1643802 2762546 2828083 5590935 5590678 5590934 8162492 5525398 2827826 1578010 1643546 1643546 
1643546 1643802 1578011 2828083 5590678 8162493 5525398 5590934 5590934 2828083 2827827 1578011 1643546 1643802 1643546 1643546 1643802 1578010 1643547 1643546 1578010 1643546 1643546 1643546 1643547 1643802 1578010 1643546 1643546 1643546 1643546 1643802 1643546 1643547 1643546 1643546 1643546 1643546 1643546 1643547 1643546 1578010 1643547 1643546 1643546 1643546 1643802 1643546 1643803 2828082 2762547 5590934 5525399 5525143 8162493 5590934 2762547 1578011 1643802 1578010 
1643547 1643802 1578010 2762547 5590678 8228029 5525398 5590934 5525398 2828083 1643546 1643546 1643546 1643802 1643546 1643547 1643546 1643546 1643547 1643546 1578010 1643547 1643802 1643546 1643546 1643546 1578010 1643546 1643546 1643546 1643547 1643802 1643546 1643546 1643546 1643546 1643547 1643802 1578010 1643546 1643802 1578010 1643547 1643802 1578010 1643547 1643546 1643546 1643547 1643546 2828083 5590934 5590679 5590934 8228285 5590679 2762547 1643546 1643546 1578010 
1643546 1643802 1643546 2762547 5590934 8228028 5590935 5590934 5525399 1643546 1643546 1578011 1643546 1643546 1578010 1643547 1643546 1578010 1643547 1643802 1643546 1643546 1643546 1643546 1643546 1643546 1643546 1643546 1643546 1643546 1643546 1643802 1578010 1643546 1643802 1578010 1643546 1643546 1578010 1643546 1643802 1643546 1643546 1643802 1578010 1643546 1643802 1578010 1643546 1643802 1643802 5590935 5590934 5525398 8228028 5590934 2827826 1578011 1643802 1643546 
