1117714 1117714 1117714 1117714 1117970 2299933 2365469 2365469 2365468 2234397 2365725 2365468 1117715 1117714 1117715 1117714 1117970 1117715 1117714 1117714 1117714 2299932 2365469 1117714 1117715 2365469 2299933 2365469 3483446 3483444 3483445 3483702 2365468 2365469 2365725 2365468 1117715 1117714 1117714 1117715 1117714 1117715 1117714 1117970 1117714 1117715 1117714 1117714 2299933 2365725 2365468 2299933 2365469 2365469 2299933 3745570 3745570 3745570 2365469 2365468 
1117714 1117714 1117715 2299933 2365725 2365469 3483446 3483702 3483446 3417910 2365469 2365468 2234397 2365469 1117714 1117714 1117970 1117715 1117714 1117714 2365469 2365469 2365469 1117714 1117715 1117714 2299932 2431005 2365725 2299933 3483445 3483702 2365468 2365469 2365469 2365468 1117715 1117970 1117714 1117714 1117970 1117715 1117715 2365469 2365468 2299932 1117970 1117715 2365468 2365469 2365468 2299932 2365469 3745570 3745570 3745570 3745570 2365468 2365469 2365468 
1052179 1117714 2365468 2365469 2365725 3548981 3483446 3483190 3483444 3483446 3483702 3483446 2365469 2365469 2365468 1117714 1117970 1117714 2299933 2365469 2365469 2299932 2365469 2365468 1643546 1117970 1117715 1117714 2365469 2299932 2365469 2365469 2365468 2365469 1973028 2365469 1117715 1117970 2365469 2431004 2365469 2299933 2365468 2365469 2365468 2365468 2365469 1117714 1117715 1117970 1117715 1117714 1117970 2299932 2365469 2365469 1973027 1907492 2365469 2299933 
1117714 2365469 2365468 2365468 2365725 3483446 5454196 5454196 5454197 3483446 3483702 3483446 2365469 2365469 2365469 2299932 1117714 2365469 2365469 2365469 2365469 2365469 2365469 2365468 2299933 1117714 1117715 1117715 1117714 2299933 2299933 2365469 2299932 2299932 1973028 2365468 1117715 1117714 2299932 2299933 2365469 2299932 2365469 3483446 3483445 3548982 2365469 1117714 1117714 1117714 1117714 1117715 1117970 1117714 2365469 2365469 1907493 2299933 2365469 1117715 
1117715 2365469 2365469 2299932 3483446 3483446 5454196 5453940 3483445 3548982 3483958 3483447 2234397 2365469 2299932 2431005 1117714 2299932 2299933 2365469 3483444 3614518 3483702 3483446 2299933 2365469 1117715 1117715 1117970 1117714 1117714 2365469 2365469 1973027 2365469 2299932 1117714 1117714 2299932 2299933 2365725 2299933 3614518 5453940 3483446 3483446 2365469 2365468 2299933 1117714 1117714 1052178 1117970 1117714 2299933 2365469 1973028 2299933 2365469 1117715 
2299933 2365469 3548982 3548982 3483702 5454197 5454196 5453940 5388660 3483446 3483702 3483445 2299932 2365469 2365468 2299933 2365469 2299932 2431005 2365469 3483445 3548982 3483702 3483446 2365469 2365469 2299932 1052179 1117970 1117714 1117715 2365469 2365469 2299932 2365469 2365468 1117715 1117714 1117714 1117714 2365469 3483446 3548982 5454196 3483444 3548982 2365469 2365468 2299933 2365469 2365469 2299933 1117970 1117714 1052178 2365469 2299933 2299933 2365469 1117715 
2299933 2365469 3548981 3548982 5453940 5454197 5388660 5454196 5454197 3680034 3483446 3483444 2299933 2365469 2365469 2299933 2365469 2365468 2299932 3483702 3483445 7754150 3483190 3483444 2431005 2365469 2365468 2299932 2365469 1117714 1117715 1117714 2299932 2299933 2365469 2365469 1117715 1117970 1117715 1117715 2365469 3483445 3483446 3483446 3548981 2365469 2365469 2299932 2365469 2365469 2299932 2299933 2365725 2299933 1117714 1117714 1117715 1117715 1117714 1117714 
2299933 3483702 3483445 3548982 3483702 3483445 5388660 3483190 3745570 3811106 3745826 3483446 2365469 2365469 2365469 2365469 2365469 2365468 3483445 3483446 5454197 5454196 3483446 3483445 2299933 2365469 2299933 2365469 2365469 1117714 1117714 1117970 1117714 1117714 2365469 1117714 1117714 1117714 1117714 1643546 2365469 2299933 2299932 2365725 2365468 2365469 2365469 2365468 3745570 2365469 2365468 2299932 2365469 2365469 1117714 1117970 1117714 1117715 1117714 1117715 
2365468 3483958 3548983 3548982 3483702 3483447 3548982 3483702 3745570 3548982 3745826 2365468 2299933 2365469 2299932 2234397 2365469 2299932 3614517 3483190 5454197 3548982 3483958 3483446 3745570 2365469 2365468 2365469 2365469 1117715 1117714 1117714 1117715 1117714 1117714 1117715 1117715 1117714 1117715 1643546 2365725 2365469 2299933 2365469 2365469 2234396 2365725 3811106 3745570 3745826 2365469 2299932 1973028 2365469 1117715 1117714 1117715 1117715 1117970 1117715 
2365468 2365469 3483447 3483446 3483702 3483445 3548982 3745570 3745570 3811106 3746082 3745570 2299933 2365469 2365468 2365468 2365469 2299933 3483446 3483702 3483445 3417910 3483702 3483446 3745570 2365469 2365468 2365469 2365469 1117715 1117714 1117970 1117715 1052178 1117970 1117714 2299933 2365469 2365469 2365469 1117970 2365469 2365469 2365469 2365468 2299933 3745570 3745570 2365468 3745570 2365468 2234396 1972772 1907491 1117714 1117714 1117715 1117714 1117714 1117714 
2299933 2365469 2299933 3548982 3483446 3483445 3548982 3745826 3745570 3745570 3745826 3745570 2431005 2365469 2299933 2299932 2365469 2299933 2365469 3483446 3548983 3548982 3483958 3745570 3811106 2365469 2365468 2299933 1117970 1117714 1117715 1117970 1117714 1117714 1117714 2299933 3285801 2365725 2365469 2365468 2365469 1117714 1117715 1117714 2365468 2365469 2365469 3745570 3680034 3746082 2365469 2431004 1972772 1973029 1117715 1117970 1117715 1117714 1117714 1117715 
2365469 2365469 2365468 2299932 2365469 2365469 2365469 3745826 3745570 3811106 3745570 3745571 2431005 2365725 2299933 2365469 2365469 2299932 2365469 3483446 3483445 3483446 3745570 3745570 3811106 2365469 2365469 2431004 1117970 1117715 1117714 1117714 1117714 2299932 2365725 2299933 3548982 3483446 4995149 2365468 2365469 2365469 1117714 1117714 1117715 1117715 2365469 2365468 2299933 2365469 2365468 2431005 1973028 1973028 1052179 1117714 1117714 1117715 1117714 1117715 
1117714 2365469 2299932 2365469 2365469 2299932 2365469 3745570 2299932 3745570 3745314 2365468 2234397 2365469 2365468 2365469 2365469 2365469 2299932 2365469 3483446 3680034 2365725 3745571 3680034 2365469 2365469 1117714 1117714 1117714 1052178 1117970 1117714 2365469 3483446 3548981 3483446 3483446 3483445 2299933 2365469 2365469 1117714 1117970 1117714 1117714 1117970 1117715 2365469 2365725 2299933 1973028 1973028 1973028 1117715 1117714 1117714 1117715 1117714 1117714 
1117714 1117714 2365468 2299933 2365469 2365468 2431005 2365469 3745570 3811106 3745826 2299932 2299933 2365469 2299933 2299933 2365469 2365468 2299932 2365469 3745570 3745570 2365469 3745570 2365469 2365469 2299932 2299933 1117970 1117715 1117714 1117970 2365469 2365468 3483446 3483445 3548982 3483190 2365469 2365469 2365469 2365469 1117715 1117714 1117715 1052178 1117714 1117715 2365469 2365725 1973028 1973028 2365469 2299933 2234397 1117714 1117715 1117715 1117970 1117714 
1117715 1117714 1117715 2299932 2365469 2299933 3680034 3745570 3745570 3745570 2365725 2299933 2299933 2365469 2299932 2299933 2365469 2365468 2365469 2365469 2299932 2299933 3745826 3745570 2299933 2365469 2365468 2365469 1117714 1117714 1117714 2365469 2299932 2299933 3483702 3548982 3483445 3483446 2365468 2299932 2365469 2365469 2299933 1117970 1117715 1117715 1117970 1117714 1117714 2365469 2365469 2365469 2365469 2365469 2365468 1117714 1117714 1052178 1117714 1117714 
2299932 1117714 1117714 2365469 2365469 2299932 2365468 3745570 3745570 2299932 2365469 2365469 2299933 1973028 1907492 1907492 2365469 2365468 2299933 2365469 2365468 3811106 3745570 2365468 2299932 2365469 2365468 2299933 1117714 1117714 1117715 2365469 2365469 3483446 3483702 3483445 3548982 2365469 2365468 3876642 3745826 2365468 2365468 2365725 1117715 1117715 1117714 1117715 1052178 1117970 2365469 2299932 2365469 2299932 2299932 1117714 1117714 1117714 1117714 1117714 
2365469 1117970 1117714 2299933 2365469 2365469 2299932 3351337 2299933 2365469 2365469 2299932 1907492 1973028 1973027 1973028 2365469 2365469 2365468 2365469 3745570 3745570 3745826 1973028 1973028 1973028 2299933 2299933 1117970 1117715 1052178 2365469 2365469 2299933 2365469 2365469 2299933 2365469 3745571 3745570 3745314 2365468 2234397 2365469 2365468 2299932 1117970 1117715 1117715 1117970 1117715 1117714 2365469 2299933 1117714 1117970 1117714 1117714 1117714 1117715 
2365468 2365469 1117714 2299933 2365469 2365469 2299932 2365469 2299932 2299932 2365469 1907492 1973027 1972772 1973027 2234396 2365469 1117714 2365469 2365469 3745570 3811106 2365469 1907492 1973028 1973028 2365469 1117715 1117970 1117715 1117714 2365469 2365469 2299933 2365469 2299932 2299933 2365469 2365469 2365469 2365469 2365469 2365468 2365469 1907492 2365469 2365469 1117715 1052178 1117970 1117714 1117715 1117970 1117715 1052179 1117970 1117714 1117714 1117714 1117715 
2365469 2365469 1117715 1117715 2365469 2365468 2299932 2365469 2299933 2365469 1973028 1973028 2038564 1973028 1907491 2365468 2365469 1117715 1117714 1117970 2365468 2365468 2365469 2299933 2365469 2365469 2365468 1117714 1117970 1117715 1052178 1117714 2365469 2234397 2365469 2365468 1117715 1117714 2365469 2365468 2365469 1973027 1907491 1973028 1973029 2299932 2365469 1117714 1117714 1117970 1117715 1117714 1117714 1117715 1117715 1117714 1117714 2299933 2365469 2299932 
3483445 2365469 2365468 1052179 2365469 2299932 2299933 2365469 2365468 2038564 1973028 1973027 1973028 1973028 2299932 2365469 1117970 1117715 1117714 1117970 1117714 1117714 2365469 2299932 2365469 1117714 1117715 1117715 1117714 1117714 1117714 1117714 1117715 2365468 2365469 1117715 1117715 1117714 1117714 2299933 1973028 1973027 2038564 1973028 2299933 2299933 2365469 1117715 1117714 1117714 1117714 1117714 1117714 1117715 1117714 2365469 2365469 2365468 2365469 2365468 
3483446 3483702 3351336 2234396 2365469 2365468 2365469 2365469 2299932 2299933 2365469 2365468 2365469 2365469 2365469 1052178 1117970 2365469 2299933 2365469 2365469 1117714 1117970 1117715 1117714 1117714 1117715 1117714 1117714 1117714 2365469 2365469 1117714 1117714 1117970 1117714 1117714 1117714 1117714 1117714 2365725 2365468 2365469 2365469 2365469 1117714 1117970 1117715 1117714 1117970 1117714 1117714 1117714 2365468 2365469 2365469 2365469 3483446 3483446 3483445 
3548982 3483446 3483447 2299932 2365469 2299932 2365469 1117714 1117714 1117714 1117970 1117714 1117715 1117970 1117715 1117714 2365469 3483446 3548982 2365469 2365468 2365469 1117970 1117714 1117714 1117970 1117715 1117715 1117714 2365468 2299933 2365469 2365468 2234396 2365469 1117714 1117715 1117714 1117714 1117715 1117970 1117714 1117714 1117970 1117714 1117714 1117714 1117715 1117714 1117714 1117715 1117715 2365469 2365469 2365468 3483446 3483446 3483446 5454196 3483446 
3483446 3483702 3483446 3548982 2365469 2365468 2299933 2365469 1117714 1117714 2365469 2365468 2299933 2365469 2365469 2365469 3483446 3483446 3483446 3483446 2365468 2365469 1117970 1117715 1117715 1117970 1117714 1052178 1117970 2365469 3417910 3483446 2365468 2365469 2365469 1117714 1117715 1117714 1117714 1117715 1117970 1117715 1052178 1117970 1117715 1117714 1117970 1117715 1117715 1117714 1117715 1117715 2365725 3548980 3483446 3483446 3483445 5454196 5453940 5454196 
3483446 3483446 3483447 3548982 2365469 2299933 2299933 2365725 2365469 1117714 2365469 2365468 2365469 2365725 2365469 3548982 3483702 5454197 3483446 3483446 2365469 2299933 2365469 1117714 1117714 1117970 1117714 1117714 2365469 3548981 3548982 3483446 2299932 2365469 2365469 1117714 1117715 1117714 1117715 1117715 1117970 1117714 1117714 1117970 1117714 1117714 1117714 1117714 1117714 1117714 1117715 1052178 2365469 3483445 5388660 5454196 5454197 5454196 3483702 5454197 
3483446 3483446 3483445 2431005 3745570 3745571 2365469 2365469 2365468 1117714 2365469 2365468 3548981 3483446 3483446 5388660 5453940 5454197 3483446 3483702 2365468 2299933 2365469 1117714 1052178 1117970 1117714 2299933 2365469 3483446 5454196 3483446 2365468 2299933 2365469 1117714 1117714 1117714 1117714 2299932 2365469 2299932 2431004 1117970 1117715 1052178 1117714 1117714 1117714 1117970 1117714 1117715 2365469 3483446 3548982 3483446 5454196 5388660 5454196 5454197 
3483446 3483702 3483446 3745570 3745570 3745570 2431005 2365469 2365469 1117714 2365469 2299932 3483446 3483702 5454196 3548982 3483958 3483446 3483445 3483702 2299933 2299932 2365469 2365469 1117714 1117714 1117714 2365469 3483702 5454196 3483446 3483702 2365469 2431004 2365469 1117715 1117714 1117970 2299933 2365469 2365469 2365469 2299932 2365469 2365469 1052178 1117714 1117715 1117715 1117970 1117714 1117714 2365469 3483446 3548982 3483446 3483447 3417910 3483190 3548983 
3548982 3483702 3745570 3745570 3745570 3811106 2299933 2365469 2299933 1117714 2365469 2299932 3548981 3483446 3548982 3483445 3483702 3483446 3483446 3483702 2299933 2299932 2365469 2365468 1117714 1117970 2365468 2299932 3483446 3483445 3483446 2365469 3745570 2299933 2365469 1117714 1117715 1117714 2365468 3548982 3483446 3483444 3417910 2365725 2365469 2299933 2365469 1117715 1117714 1117970 1117714 1117714 2365469 3483445 3483446 3483446 3483445 3548981 3483190 3483445 
3745570 3745826 3745570 3745570 3745570 2365468 2365469 2365469 2365469 1117715 2365469 2365469 2299933 3483446 3483447 3548982 3483446 3483446 3483446 2365469 2299933 2365469 2365725 2365469 2365469 1117970 2299932 2299933 2365469 2365468 2365469 3745570 3745571 2299932 2365469 1117715 1117715 1117714 2299932 5454196 5453940 3548983 3548982 3483958 2365469 2431005 2365469 2365468 2365468 1117970 1117715 1117715 2365469 2365468 2299933 2365469 3483446 3483446 3483702 3483446 
2365469 2365469 3745570 3745570 2365469 2299932 2365468 2365469 2299933 1117714 2365469 2299932 2365469 2365725 2299933 3483446 3483702 3548980 2299933 2365469 2365469 2299933 2365725 2299932 2299933 1117714 2365468 2365469 2365469 2299932 2299932 3745570 2365469 2299933 1117970 1117714 1117715 1117970 2365468 5454196 5454196 5454196 3548982 3483446 2365468 2365469 2365469 2365469 2299933 2365469 1117714 1117714 1117714 2365469 2365469 2365469 2365468 2299933 2365469 2365468 
3811106 3745570 3745570 2299933 2365469 1907492 1907492 2365469 2365468 1117714 1117970 1117715 2299933 2365725 2365469 2299932 2365469 2299932 2299933 2365469 3745570 2299933 2365469 2299933 2365469 1117970 1117714 2431005 2365469 2365469 2234396 2365469 2365469 2234397 1117970 1117714 1117714 1117970 2299932 5388660 5453940 5454196 3548982 3483446 2365469 2299933 2365725 2299932 2365469 2365469 1117715 1052178 1117970 2365468 2365469 2365469 2299932 2299933 3745826 3745570 
3811106 2365469 2365469 2299933 2365469 1973027 1907492 2365469 2365469 1117714 1117714 1117714 1052178 1117714 2299932 2299932 2365469 2365469 2365469 3745570 3745571 2299933 2365469 2365468 2431005 1117970 1117715 2299933 2365469 2365468 2299933 1973028 2365469 1117715 1117714 1117714 1117714 2365469 2365468 5454196 5453940 3483445 3548982 3483702 2299933 2365469 2365469 2299932 2234397 2365469 1117714 1117714 1117970 1117714 2365469 2365469 2365469 2365469 2365469 2365469 
2365468 2365469 2299932 2431004 1973028 1117714 1973027 2365469 2365469 1117715 1117714 1117715 1117715 1117970 1117714 2365468 3745570 3745570 3745570 3745826 3745570 2365468 2365725 2299932 2299933 1117970 1117715 2234397 2365469 2365468 1907492 1973028 2365468 1052178 1117970 1117714 2365468 2365469 3483445 3614518 5454196 3483446 3548982 2365469 2365468 2365469 2365469 2365469 2365469 2365469 1117715 1117715 1117714 1117715 2299933 2365469 2365469 2365468 2365469 2365469 
2299933 1973028 1973027 2038564 1972772 1973028 2365469 2365469 1117715 1117715 1117714 1117715 1117714 1117970 1117715 2234397 2365469 2365468 3680034 3745826 2299933 2365468 2365469 2299932 2365468 1117970 1117715 2365469 2365469 1973026 1841955 2365725 2365469 1117714 1117714 2299932 2299933 2365469 3548982 3548982 5454196 3483445 3548982 2365469 3745570 2299933 2365469 2365469 2365469 2365469 1117715 1052178 1117714 1117715 1117714 2365469 2365468 2234397 2365469 2365469 
2299933 2365725 1973028 1907492 2365469 2365469 2299933 1117714 1117715 1117715 1117714 1117715 1117714 1117970 2365468 2299933 2365469 2299932 2365468 2365469 2365469 1973028 2365469 2365468 1117714 1117970 1117714 1117714 2365469 1973028 2299932 2365469 2365468 1117714 1117714 2365469 2299932 3483446 3483446 3483446 3483446 3483444 3811106 2365725 3745570 2365469 2365469 2299933 2365468 2365469 2365468 1052179 1117970 1117714 1117714 1117970 2365469 2365468 2365469 2299933 
2234397 2365469 2365469 2299932 2365469 1117714 1117714 1117970 1117715 1117715 1117970 1117714 1117714 1117714 2365468 2365469 2365469 2365469 2431004 2365469 2299932 1973028 2365469 1117714 1117715 1117714 1117715 1052179 2365469 2299933 2365469 2365469 2365468 1117715 1117714 2365468 2234397 3483446 3483446 3483446 3483190 3745570 3745570 2365469 3745570 2365469 2365469 2299933 2299933 2365469 2365469 1117715 1117970 1117715 1117714 1117970 1117714 1117714 2365469 2365469 
1117714 1117714 1117714 1117715 1117970 1117715 1117714 1117970 1117714 1117714 1117970 1117715 1117715 2365469 2365468 2365468 2365469 2365469 2431004 2365469 1973027 1907492 2365469 1117714 1117715 1117714 1117714 1117714 2365469 2365468 2365469 2365469 1117714 1052178 1117970 2299933 2431005 3483446 3483445 3548981 3745570 3745570 3548982 3745570 3745570 2365468 2365469 2365468 2431005 2365469 2365469 1117714 1117970 1117715 1117715 1117970 1117714 1117714 1117714 1117714 
1117714 1117970 1117715 1117715 1117714 1117714 1117714 2365469 1117714 1117715 1117970 1117715 1117714 2365469 2365469 2365468 2365469 2365469 2431005 1973028 1907491 1907492 2365725 1117715 1052178 1117714 1117714 1117715 1117714 1117714 1117715 1117970 1117715 1117714 1117714 2365469 2299933 3483446 3483446 3483446 3745570 3811106 3745570 3745570 2365469 2365468 2365469 2365468 2365469 2365469 2299932 1117715 1117714 1117714 1117714 1117714 1117714 1117714 1117970 1117714 
1117714 1117714 1117715 1052178 1117714 1117715 2299932 2365469 2299932 1117715 1117970 1117715 1117714 2365469 2365468 2299932 2365469 1973028 1973028 1973028 1973028 2299933 1117714 1117714 1117714 1117970 1117715 1052178 1117714 1117714 1117714 1117970 1117715 1117714 1117714 1117714 2299932 2365469 2299933 3483446 2365469 3745570 3745570 2365469 2299933 2299933 2365469 2365469 2365469 2365469 2365469 1052178 1117970 1117714 1117714 1117970 1117715 1117715 1117714 1643546 
2365469 2365469 1117715 1117714 1117714 2365468 2299933 2365469 2299933 2365469 1117970 1117714 1117715 1117970 2299932 2365469 1973028 1973027 1973028 2365469 2365468 1117715 1117714 1117714 1117714 1117714 1117715 1117714 1117970 1117715 1117714 1117970 1117714 1052179 1117970 1117715 1052178 2365469 2365468 2299933 2365469 3745570 3745570 2365469 2365469 2365469 2365469 2299932 2365469 2365469 1117715 1117714 1117714 1117715 1117714 2365469 2365469 2299932 2365469 2365468 
2299933 2365469 2365468 1117714 2365469 2299933 2365469 2365469 2299932 2431005 1117970 1117714 1117714 1117714 1117714 1117714 2365725 2365468 2299933 2365469 1117715 1117714 1117714 1117715 1643546 1117970 2299932 2365469 2365725 1117714 1117715 1117714 1117715 1117714 1117970 1117715 1117714 2365469 2365469 2299933 3745570 3745570 2299933 2365469 2365469 2365469 2365469 2365468 2299933 1117970 1117715 1117715 1117970 1117715 1117714 2365469 2365468 3548981 3483446 2365469 
2299933 2365469 2299933 2365469 2365469 2365468 2365468 2365725 2365468 2299932 2365469 2299932 1117714 1117970 1117714 1117714 1117970 2365468 2365469 1117970 1117715 1117714 1117970 2365469 2299933 2365469 2365469 2365469 2365469 2299932 1117714 1117970 1117714 1117714 1117714 1117715 1117715 2365469 2365468 2299932 2365469 2365469 2431005 2365725 2365469 1907492 1973028 2299933 2234397 1117714 1117714 1117714 1117714 1117715 1117714 2365469 3483446 3483446 3483446 2299933 
2299933 2365469 2365469 3483446 3483446 3483445 3614517 3483446 3483444 2299933 2365469 2299932 1117715 1117970 1117714 1117714 1117970 1117715 1117714 1117714 1117715 2299932 2365469 2365468 3548981 3483446 3483445 3548982 2365469 2365468 1117714 1117714 1117715 1117714 1117970 1117715 1052178 2365469 2365468 2365469 2365469 2365468 2365469 2365469 1907492 1973028 1973028 2299932 2299933 2365725 1117714 1117714 1117970 1117714 2299933 2365725 3483445 5454196 3483190 2365469 
3548982 3483446 3548982 5388661 5453940 5454196 5454196 3483702 3483446 3483446 3483702 2365468 2365468 1117970 1117714 1052178 1117970 1117714 1117714 1117714 1117715 2365469 2365469 3548981 3483446 3483702 5454196 3548982 3483702 2299933 1117715 1117970 1117714 1117714 1117970 1117715 2299933 2365469 2299932 2365469 2365469 2365469 2299933 2365469 1973027 1907492 1973028 2299932 2365468 2365725 1117715 1117714 1117970 2365469 2431005 3483702 3483446 5454197 3483702 2299933 
3483446 3483446 5454197 5454196 5454196 5454196 5388660 5453940 3483446 3548982 3483702 2365469 2365468 2365469 2299933 2365469 2365469 1117714 1117715 1117970 1117714 2365468 2365469 3548981 3483446 5454196 5388660 3548982 3483446 2365468 1117714 1117970 1117715 1052178 1117714 1117715 2299933 2365469 2299932 2365469 2365469 2365468 2365468 2365469 1973027 2038564 1973028 2365468 2299933 2365469 1117715 1117715 1117970 2299932 2365469 3483702 5454197 3548982 3483958 2299932 
3548982 3483702 3483445 3548982 3483702 3548983 3548982 3483446 3745571 3548982 2365469 2365468 2365469 2365469 2365468 2365468 2365469 2365469 1117715 1117714 1117714 2299933 3483702 3483447 5388660 5453940 5454197 3483446 3483446 2299932 1117714 1117970 1117715 1117715 1117970 1117714 2431005 2365469 2299933 2299933 1973028 1973027 2431005 1973028 1973029 1973028 1973028 2299933 2365468 2365469 1117714 1117714 1117970 2365469 2365469 3483702 3483446 3548982 3483702 2299932 
2365469 3483958 3548982 3483446 3483446 3483446 3548982 3745570 3745570 2299932 2365469 2299933 2299933 2365469 2365469 1973028 2365469 2365468 1052179 1117714 2365468 3483446 3483446 5388661 5388660 5454196 3483446 3483445 3483702 2365468 1117714 1117970 1117714 1117714 1117970 1117714 1117715 2365469 2299932 2431005 2365725 1973028 1907492 1973028 1973028 1973028 2365469 2365469 2234396 1117970 1117715 1117714 2365469 2365468 2431005 3483190 3483446 3548982 2365725 2365469 
2365469 3483446 3483446 3548982 2365469 2299932 2299933 3745826 2365468 2299933 2365469 2299933 2299932 2365725 1973026 1973028 2365469 2365468 1117715 2365469 2365469 3548982 5454196 5388660 5388660 3483958 3483446 3548981 3483702 2299933 2365469 1117970 1117714 1117714 1117970 1117715 1052179 2365469 2365469 2365468 2365469 2365468 2299933 2365469 2299932 2299933 2365469 2365469 1117714 1117714 1117714 1117714 2365469 2365469 2365469 3483702 3483446 2299933 2365469 2299933 
2365468 3483702 2365469 2299932 2365469 2365468 3745570 3745826 3745571 2365469 2365469 2365468 2365469 1973028 1907492 1907492 2365469 2365468 1117714 2365469 2299932 3548981 5453940 5454196 3483446 3745570 3483446 3548981 3483446 2299932 2365468 2365469 1117714 1117714 1117714 1117714 1117714 1117970 1117715 2299933 2365469 2365468 2299933 2365469 2365469 2299932 1117714 1117715 1117714 1117714 1117715 1117714 1117714 2365469 2365469 3483958 2365468 2365469 2365469 2365468 
2299933 2365469 3745570 3811106 3745826 3745570 3811106 3745826 3745571 2299933 2365469 2365468 2299932 1973028 1973027 2299933 2365469 1117715 1117714 2365469 2299932 3483446 3483446 3483446 3548981 3745570 3745570 3483446 3483446 2299933 2365469 2365725 1117715 1052179 1117714 1117715 1117714 1117714 1117715 1117714 1117714 1117715 1117714 1117714 1117715 1117715 1117970 1117715 1052178 1117714 1117714 1117714 1117970 2365468 2365469 2365725 2365468 2299933 2365469 2365469 
2365469 2365469 2365468 2299933 2365469 2365468 3811106 3745570 3745570 2299933 2365469 2365469 2365468 2365469 2299933 2365469 2365725 1117714 1117714 2365469 2365468 3548982 3483190 3483445 3745570 3745826 3745570 3548981 2365469 2299933 2365469 2365725 1117714 1117714 1117714 1117714 1117715 1117970 1117715 1117714 1117714 1117714 1117715 1117714 1117714 1117714 1117714 1117714 1117715 1117970 1117714 1117715 1117970 1117714 2299933 2365725 2365468 2299932 2365469 2365468 
2365469 2365469 2299933 2365469 2365469 3745570 3745570 3745826 2365468 2365468 1973028 2365468 2234396 2365469 2299933 2299933 2365469 1117714 1117715 2365469 2299933 3483446 3483702 3745570 3745570 3745570 3745570 2299933 2365725 2299933 2299933 2365469 1117715 1117714 1117714 1117714 1117714 1117714 1117714 1117714 1117714 1117714 2365469 2365469 2365468 2234397 1117970 1117714 1117714 1117714 1117715 1117714 1117714 1117715 2299933 2365469 2365468 2365469 2365469 2299932 
2365468 2365469 2299932 2365469 2365469 3745571 3811106 2365725 2365468 1973028 1973028 2365469 2365468 1117714 1117714 1052179 1117714 1117714 2365469 3745570 3745570 3745570 3745826 3811106 3745570 3745570 3745570 2299933 2365469 2365469 2431005 2365469 2365469 1117715 1117714 1117714 1117714 1117970 1117715 1117714 2365469 2299932 3548982 3483958 3483446 2365469 2365469 1117714 1117715 1117714 1117714 1117715 1117970 1117714 2299932 2365469 2365468 2299933 2365469 2365469 
2299933 2365469 2365468 2299932 2365725 2365469 2365469 1973028 1973027 1973028 2365725 2299932 1117714 1117714 1117714 1117714 1117714 2299933 2365469 2365469 2365469 2365469 3745826 3745570 3811106 2365469 2365469 2431005 2365469 2365468 2365469 2365469 2365468 2299932 1117970 1117715 1117714 1117714 2299932 2365469 2365469 3548981 3483446 5453940 3483446 2365468 2365469 2299933 1117715 1117714 1117715 1117715 1117714 1117715 1117715 2365469 2365468 2365469 2365725 2365469 
2365469 2365469 2365469 2365469 2365469 1973026 1907492 1973028 1973027 2299933 2365469 2365469 1117714 1117970 2365468 2365469 2365469 2299933 2365468 2365469 2365469 2365469 3745570 3745570 2365469 2365469 2299933 2299933 1973028 1973027 1973028 1973028 2299932 2299933 1117714 1117715 1117714 1117714 2299933 2299933 3483702 5454197 5454197 5453940 3548981 2299932 2365469 2365469 1117714 1117714 1117714 1117714 1117714 1117714 1117714 1117714 1117715 2431005 2365469 2299932 
1117714 2365469 2299932 2365468 1972772 1973027 2365468 2365469 2365468 2299933 2365469 1117714 1117714 2365725 2365468 2299933 2365725 2299933 2365468 2365469 2365469 2299933 2365469 2365469 2299933 2365469 2299932 2299932 1973028 1973028 1973028 1973028 2365468 2365469 1117714 1117715 1117714 1117970 2365468 3548982 5454196 5454197 3548982 3483702 3483445 2299933 2365469 2299933 1117714 1117970 1117714 1117714 1117714 1117714 1117714 1117970 1117715 1117714 1117714 2365468 
1117715 1117714 2299932 2365468 2365469 2299933 2299932 2365725 2365468 2299933 1117970 1117714 1117714 2365469 2365468 2299932 2365469 2365469 2299932 2365469 2365469 1907492 2365725 2365469 2234397 2365469 2299932 2365469 2365469 2365468 2365468 2365469 2365468 1117714 1117714 1117715 1117714 1117714 2365469 3548982 3483702 3483445 3548982 3745570 3745570 2299932 2365469 1117714 1052179 1117714 2365468 2365469 2365469 1117714 1117714 1117970 1117714 1117715 1117970 1117715 
1117714 1117970 1117714 1117715 2365725 2299933 2234397 1117970 1117714 1052179 1117714 1117714 2365469 2365469 2365468 2299932 2365469 2299933 2299932 2365725 2365468 2038564 2365469 2299932 1117714 1117970 1117714 1117714 1117714 1117714 1117714 1117714 1117714 1117714 1117970 1117715 1117715 1643802 3351337 3483446 3745570 3745570 3483446 3745570 2299933 2365468 1117714 1117714 1117714 2365469 2365469 3548981 2365469 2365468 2299933 2365469 2365468 1117714 1117970 1117714 
1117715 1117970 1117715 1117714 1117714 1117714 1117715 1117970 1117714 1117714 1117714 1117714 2365469 2365469 2365469 2299933 2365469 2365469 1907492 1973028 1907492 1973028 2365469 2365469 1117714 1117970 1117714 1052179 2365469 2365469 2299932 1117970 1117714 1117714 1117970 1117715 1117714 1643546 2365469 2299932 3745570 2365469 3745570 3746082 2299933 2431004 1117970 1117715 2365469 2365469 5454196 3548982 3483702 2299932 2299932 2365469 2365468 2365469 1117714 1117714 
1117715 1117970 1117714 1117714 1117970 1117715 1117714 1117714 1117714 1117714 1117714 1117715 2365469 2365469 2299932 2299933 2365725 1973028 2431005 2365469 2299933 2299933 2365469 1117715 1117714 1117970 2299932 2299933 2365469 2365468 2365468 2365469 2365468 2365469 2365469 2365469 1578011 1643546 2299932 2299933 3745570 3745570 3745570 3745314 2365468 2365468 1117714 1117714 2299933 2365469 3548982 3417909 3483958 2299932 2365469 2365725 2299932 2365469 2365469 1117714 
1117714 1117714 1117714 1117714 1117714 1117715 1117714 1117970 1117714 1052178 1117714 1117714 2365469 2365469 2299932 2299932 2365469 2365468 2299933 2365469 2365468 2365469 2365469 1117715 1117714 1117714 2365469 2431004 3483702 3548981 3548982 2365725 2365468 2365469 2365469 2365468 1578011 1117970 1117715 2299933 2365725 3745570 3745570 2365469 2299932 2299932 1117970 1117715 2299933 2365469 2365469 2299933 2365469 2365468 2365469 2365469 2299933 2299933 2365469 2299933 
