-1 -1 -1 -1 -1 -1 -1 -1 -1 -1 -1 -1 -1 -1 -1 -1 -1 -1 -1 -1 -1 -1 -1 -1 -1 -1 -1 -1 -1 -1 -1 -1 -1 -1 -1 -1 -1 -1 -1 -1 -1 -1 -1 -1 -1 -1 -1 -1 -1 -1 -1 -1 -1 -1 -1 -1 -1 -1 -1 -1 
-1 -1 -1 -1 -1 -1 -1 -1 -1 -1 -1 -1 -1 -1 -1 -1 -1 -1 -1 -1 -1 -1 -1 -1 -1 -1 -1 -1 -1 -1 -1 -1 -1 -1 -1 -1 -1 -1 -1 -1 -1 -1 -1 -1 -1 -1 -1 -1 -1 -1 -1 -1 -1 -1 -1 -1 -1 -1 -1 -1 
-1 -1 -1 -1 -1 -1 -1 -1 -1 -1 -1 -1 -1 -1 -1 -1 -1 -1 -1 -1 -1 -1 -1 -1 -1 -1 -1 -1 -1 -1 -1 -1 -1 -1 -1 -1 -1 -1 -1 -1 -1 -1 -1 -1 -1 -1 -1 -1 -1 -1 -1 -1 -1 -1 -1 -1 -1 -1 -1 -1 
-1 -1 -1 -1 -1 -1 -1 -1 -1 -1 -1 -1 -1 -1 -1 -1 -1 -1 -1 -1 -1 -1 -1 -1 -1 -1 -1 -1 -1 -1 -1 -1 -1 -1 -1 -1 -1 -1 -1 -1 -1 -1 -1 -1 -1 -1 -1 -1 -1 -1 -1 -1 -1 -1 -1 -1 -1 -1 -1 -1 
-1 -1 -1 -1 -1 -1 -1 -1 -1 -1 -1 -1 -1 -1 -1 -1 -1 -1 -1 -1 -1 -1 -1 -1 -1 -1 -1 -1 -1 -1 -1 -1 -1 -1 -1 -1 -1 -1 -1 -1 -1 -1 -1 -1 -1 -1 -1 -1 -1 -1 -1 -1 -1 -1 -1 -1 -1 -1 -1 -1 
-1 -1 -1 -1 -1 -1 -1 -1 -1 -1 -1 -1 -1 -1 -1 -1 -1 -1 -1 -1 -1 -1 -1 -1 -1 -1 -1 -1 -1 -1 -1 -1 -1 -1 -1 -1 -1 -1 -1 -1 -1 -1 -1 -1 -1 -1 -1 -1 -1 -1 -1 -1 -1 -1 -1 -1 -1 -1 -1 -1 
-1 -1 -1 -1 -1 -1 -1 -1 -1 -1 -1 -1 -1 -1 -1 -1 -1 -1 -1 -1 -1 -1 -1 -1 -1 -1 -1 -1 -1 -1 -1 -1 -1 -1 -1 -1 -1 -1 -1 -1 -1 -1 -1 -1 -1 -1 -1 -1 -1 -1 -1 -1 -1 -1 -1 -1 -1 -1 -1 -1 
-1 -1 -1 -1 -1 -1 -1 -1 -1 -1 -1 -1 -1 -1 -1 -1 -1 -1 -1 -1 -1 -1 -1 -1 -1 -1 -1 -1 -1 -1 -1 -1 -1 -1 -1 -1 -1 -1 -1 -1 -1 -1 -1 -1 -1 -1 -1 -1 -1 -1 -1 -1 -1 -1 -1 -1 -1 -1 -1 -1 
-1 -1 -1 -1 -1 -1 -1 -1 -1 -1 -1 -1 -1 -1 -1 -1 -1 -1 -1 -1 -1 -1 -1 -1 -1 -1 -1 -1 -1 -1 -1 -1 -1 -1 -1 -1 -1 -1 -1 -1 -1 -1 -1 -1 -1 -1 -1 -1 -1 -1 -1 -1 -1 -1 -1 -1 -1 -1 -1 -1 
-1 -1 -1 -1 -1 -1 -1 -1 -1 -1 -1 -1 -1 -1 -1 -1 -1 -1 -1 -1 -1 -1 -1 -1 -1 -1 14643270 14643270 14643270 14643270 14643270 14643270 14643270 14643270 14643270 14643270 -1 -1 -1 -1 -1 -1 -1 -1 -1 -1 -1 -1 -1 -1 -1 -1 -1 -1 -1 -1 -1 -1 -1 -1 
-1 -1 -1 -1 -1 -1 -1 -1 -1 -1 -1 -1 -1 -1 -1 -1 -1 -1 -1 -1 -1 -1 -1 -1 -1 14643270 14643270 16379469 16379469 16379469 16379469 16379469 16379469 16379469 16379469 14643270 -1 14643270 14643270 -1 -1 -1 -1 -1 -1 -1 -1 -1 -1 -1 -1 -1 -1 -1 -1 -1 -1 -1 -1 -1 
-1 -1 -1 -1 -1 -1 -1 -1 -1 -1 -1 -1 -1 -1 -1 -1 -1 -1 -1 -1 -1 -1 -1 -1 14643270 14643270 16379469 16379469 16379469 16379469 16379469 16379469 14643270 16379469 16379469 14643270 14643270 14643270 14643270 -1 -1 -1 -1 -1 -1 -1 -1 -1 -1 -1 -1 -1 -1 -1 -1 -1 -1 -1 -1 -1 
-1 -1 -1 -1 -1 -1 -1 -1 -1 -1 -1 -1 -1 -1 14643270 14643270 14643270 14643270 -1 -1 14643270 14643270 14643270 14643270 16379469 16379469 16379469 16379469 16379469 14643270 14643270 14643270 14643270 14643270 14643270 14643270 14643270 14643270 14643270 14643270 14643270 14643270 14643270 14643270 14643270 14643270 14643270 14643270 14643270 -1 -1 -1 -1 -1 -1 -1 -1 -1 -1 -1 
-1 -1 -1 -1 -1 -1 -1 -1 -1 -1 -1 -1 -1 -1 14643270 14643270 16379469 14643270 14643270 14643270 14643270 16379469 16379469 16379469 16379469 16379469 14643270 14643270 14643270 14643270 14643270 16379469 16379469 16379469 16379469 16379469 16379469 16379469 16379469 14643270 14643270 14643270 14643270 14643270 16379469 16379469 16379469 16379469 14643270 -1 -1 -1 -1 -1 -1 -1 -1 -1 -1 -1 
-1 -1 -1 -1 -1 -1 -1 -1 -1 -1 -1 -1 -1 14643270 16379469 16379469 16379469 14643270 14643270 14643270 14643270 16379469 16379469 16379469 16379469 16379469 16379469 16379469 14643270 14643270 14643270 16379469 16379469 16379469 16774112 16774112 16774112 16774112 16379469 16379469 16379469 16379469 16379469 14643270 14643270 14643270 16379469 16379469 14643270 14643270 -1 -1 -1 -1 -1 -1 -1 -1 -1 -1 
-1 -1 -1 -1 -1 -1 -1 -1 -1 -1 -1 -1 14643270 14643270 16379469 16379469 16379469 14643270 14643270 14643270 16379469 16379469 16379469 16379469 16379469 16379469 16379469 16379469 14643270 14643270 16379469 16379469 16379469 16774112 16774112 16774112 16379469 16774112 16379469 16379469 16379469 16379469 16379469 16379469 14643270 14643270 14643270 14643270 14643270 14643270 14643270 -1 -1 -1 -1 -1 -1 -1 -1 -1 
-1 -1 -1 -1 -1 -1 -1 -1 -1 -1 -1 -1 14643270 14643270 16379469 16379469 16379469 14643270 14643270 14643270 14643270 14643270 14643270 14643270 14643270 14643270 14643270 14643270 14643270 16379469 16379469 16379469 16379469 16379469 16774112 16774112 16379469 16379469 16774112 16774112 16774112 16379469 16379469 16379469 16379469 14643270 14643270 14643270 14643270 16379469 14643270 -1 -1 -1 -1 -1 -1 -1 -1 -1 
-1 -1 -1 -1 -1 -1 -1 -1 -1 -1 -1 -1 14643270 16379469 16379469 16379469 14643270 14643270 14643270 16379469 16379469 16379469 16379469 16379469 16379469 16379469 16379469 16379469 14643270 14643270 16379469 16379469 16379469 16379469 16379469 16379469 16774112 16774112 16774112 16774112 16774112 16774112 16379469 16379469 16379469 16379469 16379469 16379469 14643270 14643270 -1 -1 -1 -1 -1 -1 -1 -1 -1 -1 
-1 -1 -1 -1 -1 -1 -1 -1 -1 -1 -1 -1 14643270 14643270 14643270 14643270 14643270 14643270 16379469 16379469 16379469 16379469 16379469 16379469 16379469 16379469 16379469 16379469 16379469 14643270 14643270 14643270 14643270 16379469 16379469 16379469 16774112 16774112 16774112 16774112 16774112 16774112 16774112 16379469 16379469 16379469 16379469 16379469 14643270 14643270 -1 -1 -1 -1 -1 -1 -1 -1 -1 -1 
-1 -1 -1 -1 -1 -1 -1 -1 -1 -1 -1 -1 14643270 14643270 14643270 16379469 16379469 14643270 16379469 16379469 16379469 16379469 16379469 16379469 16379469 16379469 16379469 16379469 16379469 16379469 14643270 16379469 14643270 14643270 14643270 16379469 16379469 16379469 16774112 16774112 16379469 16774112 16774112 16774112 16774112 16379469 14643270 14643270 14643270 14643270 -1 -1 -1 -1 -1 -1 -1 -1 -1 -1 
-1 -1 -1 -1 -1 -1 -1 -1 -1 -1 -1 -1 -1 14643270 16379469 16379469 16379469 14643270 16379469 16379469 16379469 16379469 16774112 16774112 16774112 16774112 16774112 16774112 16379469 16379469 16379469 16379469 14643270 14643270 14643270 16379469 16379469 16379469 16379469 16379469 16774112 16774112 16774112 16774112 16379469 16379469 14643270 14643270 14643270 14643270 -1 -1 -1 -1 -1 -1 -1 -1 -1 -1 
-1 -1 -1 -1 -1 -1 -1 -1 -1 -1 -1 -1 -1 14643270 16379469 16379469 14643270 16379469 16379469 16379469 16379469 16774112 16774112 16774112 16774112 16774112 16774112 16774112 16379469 16379469 16379469 16379469 16379469 14643270 14643270 14643270 14643270 16379469 16379469 16379469 16774112 16774112 16774112 16379469 16379469 16379469 16379469 16379469 14643270 -1 -1 -1 -1 -1 -1 -1 -1 -1 -1 -1 
-1 -1 -1 -1 -1 -1 -1 -1 -1 -1 -1 -1 -1 14643270 16379469 16379469 14643270 16379469 16379469 16774112 16774112 16774112 16774112 16774112 16774112 16379469 16774112 16774112 16774112 16774112 16379469 16379469 16379469 16379469 16379469 16379469 14643270 16379469 16379469 16379469 16379469 16379469 16774112 16774112 16774112 16379469 16379469 16379469 14643270 -1 -1 -1 -1 -1 -1 -1 -1 -1 -1 -1 
-1 -1 -1 -1 -1 -1 -1 -1 -1 -1 -1 -1 14643270 14643270 16379469 16379469 14643270 16379469 16379469 16774112 16774112 16774112 16379469 16379469 16774112 16774112 16774112 16774112 16774112 16774112 16379469 16379469 16379469 16379469 16379469 14643270 14643270 14643270 16379469 16379469 16379469 16379469 16379469 16379469 16379469 16379469 16379469 16379469 14643270 14643270 -1 -1 -1 -1 -1 -1 -1 -1 -1 -1 
-1 -1 -1 -1 -1 -1 -1 -1 -1 -1 -1 -1 14643270 16379469 16379469 14643270 14643270 16379469 16379469 16774112 16774112 16774112 16774112 16774112 16774112 16774112 16774112 16774112 16774112 16774112 16774112 16379469 16379469 16379469 14643270 14643270 16379469 14643270 14643270 14643270 16379469 16379469 16379469 16379469 16379469 16379469 14643270 14643270 14643270 14643270 -1 -1 -1 -1 -1 -1 -1 -1 -1 -1 
-1 -1 -1 -1 -1 -1 -1 -1 -1 -1 -1 14643270 14643270 16379469 16379469 14643270 16379469 16379469 16379469 16774112 16774112 16774112 16774112 16774112 16774112 16774112 16774112 16774112 16774112 16774112 16774112 16379469 16379469 16379469 14643270 14643270 16379469 14643270 14643270 14643270 14643270 14643270 14643270 14643270 14643270 14643270 14643270 14643270 16379469 14643270 -1 -1 -1 -1 -1 -1 -1 -1 -1 -1 
-1 -1 -1 -1 -1 -1 -1 -1 -1 -1 -1 14643270 14643270 16379469 14643270 16379469 16379469 16379469 16379469 16379469 16774112 16774112 16774112 16379469 16774112 16774112 16379469 16379469 16379469 16774112 16774112 16379469 16379469 16379469 16379469 14643270 14643270 16379469 16379469 16379469 14643270 14643270 14643270 14643270 14643270 14643270 14643270 16379469 16379469 14643270 -1 -1 -1 -1 -1 -1 -1 -1 -1 -1 
-1 -1 -1 -1 -1 -1 -1 -1 -1 -1 -1 14643270 14643270 14643270 14643270 14643270 16379469 16379469 16379469 16379469 16379469 16379469 16774112 16774112 -1 16774112 16774112 16774112 16774112 16774112 16774112 16379469 16379469 16379469 16379469 14643270 16379469 16379469 16379469 16379469 16379469 16379469 14643270 14643270 14643270 16379469 16379469 16379469 16379469 14643270 14643270 -1 -1 -1 -1 -1 -1 -1 -1 -1 
-1 -1 -1 -1 -1 -1 -1 -1 -1 -1 -1 14643270 14643270 16379469 14643270 14643270 14643270 16379469 16379469 16379469 16379469 16379469 16379469 16379469 16774112 16774112 16774112 16774112 16774112 16774112 16774112 16379469 16379469 16379469 16379469 14643270 16379469 16379469 16379469 16379469 16379469 16379469 16379469 16379469 16379469 16379469 16379469 16379469 16379469 16379469 14643270 -1 -1 -1 -1 -1 -1 -1 -1 -1 
-1 -1 -1 -1 -1 -1 -1 -1 -1 -1 -1 -1 14643270 14643270 14643270 14643270 14643270 14643270 14643270 16379469 16379469 16379469 16379469 16379469 16379469 16379469 16379469 16379469 16379469 16379469 16379469 16379469 16379469 16379469 14643270 14643270 14643270 16379469 16379469 16379469 16774112 16774112 16379469 16379469 16379469 16379469 16379469 16379469 16379469 14643270 14643270 -1 -1 -1 -1 -1 -1 -1 -1 -1 
-1 -1 -1 -1 -1 -1 -1 -1 -1 -1 -1 14643270 14643270 16379469 14643270 16379469 14643270 16379469 14643270 14643270 14643270 16379469 16379469 16379469 16379469 16379469 16379469 16379469 16379469 16379469 16379469 16379469 14643270 14643270 14643270 14643270 14643270 16379469 16379469 16379469 16774112 16774112 16379469 16379469 16379469 16379469 16379469 16379469 16379469 14643270 -1 -1 -1 -1 -1 -1 -1 -1 -1 -1 
-1 -1 -1 -1 -1 -1 -1 -1 -1 -1 -1 14643270 14643270 16379469 16379469 16379469 16379469 16379469 16379469 14643270 14643270 14643270 16379469 14643270 16379469 16379469 16379469 16379469 16379469 16379469 16379469 14643270 14643270 16379469 14643270 14643270 16379469 16379469 16379469 16774112 16774112 16379469 16379469 16379469 14643270 14643270 16379469 16379469 16379469 14643270 -1 -1 -1 -1 -1 -1 -1 -1 -1 -1 
-1 -1 -1 -1 -1 -1 -1 -1 -1 -1 -1 14643270 14643270 16379469 16379469 14643270 16379469 16379469 16379469 16379469 16379469 14643270 14643270 14643270 14643270 14643270 14643270 14643270 16379469 14643270 14643270 14643270 14643270 14643270 14643270 16379469 16379469 16379469 16774112 16774112 16379469 16774112 16379469 16379469 14643270 14643270 16379469 16379469 14643270 14643270 -1 -1 -1 -1 -1 -1 -1 -1 -1 -1 
-1 -1 -1 -1 -1 -1 -1 -1 -1 -1 -1 14643270 14643270 14643270 16379469 14643270 16379469 16379469 16379469 16379469 16379469 16379469 16379469 14643270 14643270 14643270 14643270 14643270 14643270 14643270 14643270 14643270 14643270 16379469 16379469 16379469 16379469 16379469 16774112 16379469 16379469 16379469 16379469 14643270 14643270 14643270 16379469 16379469 16379469 14643270 -1 -1 -1 -1 -1 -1 -1 -1 -1 -1 
-1 -1 -1 -1 -1 -1 -1 -1 -1 -1 -1 14643270 14643270 14643270 14643270 14643270 16379469 16379469 16379469 16379469 16379469 16379469 14643270 14643270 14643270 14643270 14643270 16379469 16379469 16379469 14643270 14643270 16379469 14643270 16379469 16379469 16379469 16379469 16774112 16774112 16774112 16379469 16379469 14643270 14643270 14643270 16379469 16379469 16379469 14643270 -1 -1 -1 -1 -1 -1 -1 -1 -1 -1 
-1 -1 -1 -1 -1 -1 -1 -1 -1 -1 -1 -1 14643270 14643270 16379469 14643270 14643270 16379469 16379469 16379469 16379469 16379469 16379469 14643270 14643270 16379469 16379469 16379469 16379469 16379469 16379469 14643270 14643270 14643270 14643270 16379469 16379469 16379469 16774112 16774112 16774112 16774112 16379469 14643270 14643270 16379469 16379469 16379469 14643270 14643270 -1 -1 -1 -1 -1 -1 -1 -1 -1 -1 
-1 -1 -1 -1 -1 -1 -1 -1 -1 -1 -1 -1 -1 14643270 16379469 14643270 14643270 14643270 16379469 16379469 16379469 16379469 14643270 14643270 16379469 16379469 16774112 16774112 16774112 16774112 16379469 16379469 16379469 14643270 14643270 16379469 16379469 16379469 16379469 16379469 16379469 16379469 16379469 16379469 14643270 16379469 16379469 14643270 14643270 14643270 -1 -1 -1 -1 -1 -1 -1 -1 -1 -1 
-1 -1 -1 -1 -1 -1 -1 -1 -1 -1 -1 -1 -1 -1 14643270 16379469 14643270 14643270 16379469 16379469 16379469 14643270 14643270 16379469 16379469 16774112 16774112 16774112 16379469 16774112 16774112 16379469 16379469 14643270 14643270 16379469 16379469 16379469 16379469 16379469 16379469 16379469 16379469 16379469 14643270 16379469 14643270 14643270 14643270 14643270 14643270 14643270 -1 -1 -1 -1 -1 -1 -1 -1 
-1 -1 -1 -1 -1 -1 -1 -1 -1 -1 -1 -1 -1 -1 14643270 16379469 16379469 14643270 14643270 14643270 14643270 14643270 16379469 16379469 16379469 16774112 16774112 16379469 16379469 16774112 16774112 16774112 16774112 16379469 14643270 14643270 16379469 16379469 16379469 16379469 16379469 16379469 16379469 14643270 14643270 14643270 14643270 16379469 16379469 16379469 14643270 14643270 -1 -1 -1 -1 -1 -1 -1 -1 
-1 -1 -1 -1 -1 -1 -1 -1 -1 -1 -1 -1 -1 -1 14643270 16379469 16379469 16379469 16379469 14643270 14643270 16379469 16379469 16379469 16379469 16379469 16774112 16774112 16774112 16774112 16774112 16774112 16774112 16379469 16379469 14643270 14643270 16379469 16379469 14643270 14643270 14643270 14643270 14643270 14643270 14643270 14643270 16379469 16379469 16379469 14643270 14643270 -1 -1 -1 -1 -1 -1 -1 -1 
-1 -1 -1 -1 -1 -1 -1 -1 -1 -1 -1 -1 -1 14643270 14643270 16379469 16379469 16379469 16379469 14643270 14643270 14643270 16379469 16379469 16379469 16379469 16379469 16379469 16379469 16774112 16774112 16774112 16379469 16379469 16379469 16379469 14643270 14643270 14643270 14643270 16379469 16379469 14643270 14643270 16379469 16379469 16379469 16774112 16774112 16774112 16379469 14643270 -1 -1 -1 -1 -1 -1 -1 -1 
-1 -1 -1 -1 -1 -1 -1 -1 -1 -1 -1 -1 14643270 14643270 16379469 16379469 16379469 16379469 16379469 16379469 14643270 14643270 14643270 16379469 16379469 16379469 16379469 16379469 16379469 16379469 16379469 16379469 16379469 16379469 16379469 16379469 16379469 14643270 14643270 14643270 16379469 16379469 14643270 14643270 16379469 16379469 16774112 16774112 16379469 16379469 16379469 14643270 -1 -1 -1 -1 -1 -1 -1 -1 
-1 -1 -1 -1 -1 -1 -1 -1 -1 -1 -1 -1 14643270 14643270 16379469 16379469 16379469 16379469 16379469 16379469 16379469 16379469 14643270 14643270 14643270 14643270 14643270 14643270 16379469 16379469 16379469 16379469 16379469 16379469 14643270 14643270 14643270 14643270 16379469 16379469 16379469 16379469 14643270 16379469 16379469 16379469 16379469 16379469 16379469 16379469 14643270 14643270 -1 -1 -1 -1 -1 -1 -1 -1 
-1 -1 -1 -1 -1 -1 -1 -1 -1 -1 -1 -1 -1 -1 14643270 14643270 14643270 16379469 16379469 16379469 16774112 16774112 16774112 16379469 14643270 14643270 14643270 14643270 16379469 14643270 14643270 14643270 14643270 14643270 14643270 14643270 16379469 16379469 16379469 16379469 16379469 14643270 14643270 16379469 16379469 16379469 16379469 16379469 16379469 14643270 14643270 14643270 -1 -1 -1 -1 -1 -1 -1 -1 
-1 -1 -1 -1 -1 -1 -1 -1 -1 -1 -1 -1 -1 -1 -1 -1 14643270 14643270 16379469 16379469 16379469 16379469 16774112 16774112 16379469 14643270 14643270 14643270 14643270 14643270 14643270 14643270 14643270 16379469 16379469 16379469 16379469 16379469 16379469 16379469 16379469 14643270 14643270 14643270 14643270 14643270 14643270 14643270 14643270 14643270 14643270 14643270 -1 -1 -1 -1 -1 -1 -1 -1 
-1 -1 -1 -1 -1 -1 -1 -1 -1 -1 -1 -1 -1 -1 -1 -1 -1 14643270 14643270 16379469 16379469 16379469 16379469 16774112 16774112 16379469 16379469 16379469 16379469 16379469 16379469 16379469 16379469 16379469 16774112 16379469 16379469 16379469 16379469 14643270 14643270 14643270 14643270 14643270 -1 -1 14643270 14643270 14643270 14643270 14643270 -1 -1 -1 -1 -1 -1 -1 -1 -1 
-1 -1 -1 -1 -1 -1 -1 -1 -1 -1 -1 -1 -1 -1 -1 -1 -1 14643270 14643270 14643270 16379469 16379469 16379469 16379469 16774112 16379469 16379469 16379469 16774112 16774112 16774112 16774112 16774112 16774112 16774112 16379469 16379469 16379469 14643270 14643270 14643270 -1 -1 -1 -1 -1 -1 14643270 14643270 -1 -1 -1 -1 -1 -1 -1 -1 -1 -1 -1 
-1 -1 -1 -1 -1 -1 -1 -1 -1 -1 -1 -1 -1 -1 -1 -1 -1 -1 -1 14643270 14643270 14643270 16379469 16379469 16379469 16379469 16379469 16379469 16379469 16379469 16379469 16379469 16379469 16379469 16379469 16379469 16379469 14643270 14643270 16379469 14643270 14643270 -1 -1 -1 -1 -1 -1 -1 -1 -1 -1 -1 -1 -1 -1 -1 -1 -1 -1 
-1 -1 -1 -1 -1 -1 -1 -1 -1 -1 -1 -1 -1 -1 -1 -1 -1 -1 -1 -1 14643270 14643270 14643270 14643270 14643270 16379469 16379469 16379469 16379469 16379469 16379469 16379469 16379469 16379469 14643270 14643270 14643270 14643270 14643270 14643270 16379469 14643270 -1 -1 -1 -1 -1 -1 -1 -1 -1 -1 -1 -1 -1 -1 -1 -1 -1 -1 
-1 -1 -1 -1 -1 -1 -1 -1 -1 -1 -1 -1 -1 -1 -1 -1 -1 -1 -1 -1 -1 -1 14643270 14643270 14643270 14643270 14643270 14643270 14643270 16379469 14643270 14643270 14643270 14643270 14643270 14643270 -1 -1 -1 14643270 14643270 14643270 -1 -1 -1 -1 -1 -1 -1 -1 -1 -1 -1 -1 -1 -1 -1 -1 -1 -1 
-1 -1 -1 -1 -1 -1 -1 -1 -1 -1 -1 -1 -1 -1 -1 -1 -1 -1 -1 -1 -1 -1 -1 -1 -1 -1 14643270 14643270 14643270 14643270 14643270 14643270 14643270 14643270 14643270 -1 -1 -1 -1 -1 14643270 14643270 -1 -1 -1 -1 -1 -1 -1 -1 -1 -1 -1 -1 -1 -1 -1 -1 -1 -1 
-1 -1 -1 -1 -1 -1 -1 -1 -1 -1 -1 -1 -1 -1 -1 -1 -1 -1 -1 -1 -1 -1 -1 -1 -1 -1 -1 -1 -1 -1 -1 -1 -1 -1 -1 -1 -1 -1 -1 -1 -1 -1 -1 -1 -1 -1 -1 -1 -1 -1 -1 -1 -1 -1 -1 -1 -1 -1 -1 -1 
-1 -1 -1 -1 -1 -1 -1 -1 -1 -1 -1 -1 -1 -1 -1 -1 -1 -1 -1 -1 -1 -1 -1 -1 -1 -1 -1 -1 -1 -1 -1 -1 -1 -1 -1 -1 -1 -1 -1 -1 -1 -1 -1 -1 -1 -1 -1 -1 -1 -1 -1 -1 -1 -1 -1 -1 -1 -1 -1 -1 
-1 -1 -1 -1 -1 -1 -1 -1 -1 -1 -1 -1 -1 -1 -1 -1 -1 -1 -1 -1 -1 -1 -1 -1 -1 -1 -1 -1 -1 -1 -1 -1 -1 -1 -1 -1 -1 -1 -1 -1 -1 -1 -1 -1 -1 -1 -1 -1 -1 -1 -1 -1 -1 -1 -1 -1 -1 -1 -1 -1 
-1 -1 -1 -1 -1 -1 -1 -1 -1 -1 -1 -1 -1 -1 -1 -1 -1 -1 -1 -1 -1 -1 -1 -1 -1 -1 -1 -1 -1 -1 -1 -1 -1 -1 -1 -1 -1 -1 -1 -1 -1 -1 -1 -1 -1 -1 -1 -1 -1 -1 -1 -1 -1 -1 -1 -1 -1 -1 -1 -1 
-1 -1 -1 -1 -1 -1 -1 -1 -1 -1 -1 -1 -1 -1 -1 -1 -1 -1 -1 -1 -1 -1 -1 -1 -1 -1 -1 -1 -1 -1 -1 -1 -1 -1 -1 -1 -1 -1 -1 -1 -1 -1 -1 -1 -1 -1 -1 -1 -1 -1 -1 -1 -1 -1 -1 -1 -1 -1 -1 -1 
-1 -1 -1 -1 -1 -1 -1 -1 -1 -1 -1 -1 -1 -1 -1 -1 -1 -1 -1 -1 -1 -1 -1 -1 -1 -1 -1 -1 -1 -1 -1 -1 -1 -1 -1 -1 -1 -1 -1 -1 -1 -1 -1 -1 -1 -1 -1 -1 -1 -1 -1 -1 -1 -1 -1 -1 -1 -1 -1 -1 
-1 -1 -1 -1 -1 -1 -1 -1 -1 -1 -1 -1 -1 -1 -1 -1 -1 -1 -1 -1 -1 -1 -1 -1 -1 -1 -1 -1 -1 -1 -1 -1 -1 -1 -1 -1 -1 -1 -1 -1 -1 -1 -1 -1 -1 -1 -1 -1 -1 -1 -1 -1 -1 -1 -1 -1 -1 -1 -1 -1 
-1 -1 -1 -1 -1 -1 -1 -1 -1 -1 -1 -1 -1 -1 -1 -1 -1 -1 -1 -1 -1 -1 -1 -1 -1 -1 -1 -1 -1 -1 -1 -1 -1 -1 -1 -1 -1 -1 -1 -1 -1 -1 -1 -1 -1 -1 -1 -1 -1 -1 -1 -1 -1 -1 -1 -1 -1 -1 -1 -1 
-1 -1 -1 -1 -1 -1 -1 -1 -1 -1 -1 -1 -1 -1 -1 -1 -1 -1 -1 -1 -1 -1 -1 -1 -1 -1 -1 -1 -1 -1 -1 -1 -1 -1 -1 -1 -1 -1 -1 -1 -1 -1 -1 -1 -1 -1 -1 -1 -1 -1 -1 -1 -1 -1 -1 -1 -1 -1 -1 -1 
