-1 -1 -1 -1 -1 -1 -1 -1 -1 -1 -1 -1 -1 -1 -1 -1 -1 -1 -1 -1 -1 -1 -1 -1 -1 -1 -1 -1 -1 -1 -1 -1 -1 -1 -1 -1 -1 -1 -1 -1 -1 -1 -1 -1 -1 -1 -1 -1 -1 -1 -1 -1 -1 -1 -1 -1 -1 -1 -1 -1 
-1 -1 -1 -1 -1 -1 -1 -1 -1 -1 -1 -1 -1 -1 -1 -1 -1 -1 -1 -1 -1 -1 -1 -1 -1 -1 -1 -1 -1 -1 -1 -1 -1 -1 -1 -1 -1 -1 -1 -1 -1 -1 -1 -1 -1 -1 -1 -1 -1 -1 -1 -1 -1 -1 -1 -1 -1 -1 -1 -1 
-1 -1 -1 -1 -1 -1 -1 -1 -1 -1 -1 -1 -1 -1 -1 -1 -1 -1 -1 -1 -1 -1 -1 -1 -1 -1 -1 -1 -1 -1 -1 -1 -1 -1 -1 -1 -1 -1 -1 -1 -1 -1 -1 -1 -1 -1 -1 -1 -1 -1 -1 -1 -1 -1 -1 -1 -1 -1 -1 -1 
-1 -1 -1 -1 -1 -1 -1 -1 -1 13779755 -1 -1 -1 -1 -1 -1 -1 -1 -1 -1 -1 -1 -1 -1 -1 -1 -1 -1 -1 -1 -1 -1 -1 -1 -1 -1 -1 -1 -1 -1 -1 -1 -1 -1 -1 -1 12594204 -1 -1 -1 -1 -1 -1 -1 -1 -1 -1 -1 -1 -1 
-1 -1 -1 -1 -1 -1 -1 -1 -1 -1 -1 -1 -1 -1 -1 -1 -1 -1 -1 -1 -1 -1 -1 -1 -1 -1 -1 -1 -1 -1 -1 -1 -1 -1 -1 -1 -1 -1 -1 -1 -1 -1 -1 -1 -1 -1 -1 -1 -1 -1 -1 -1 -1 12594204 12594204 -1 -1 -1 -1 -1 
-1 -1 -1 -1 -1 -1 -1 -1 -1 -1 -1 -1 -1 -1 -1 -1 -1 -1 -1 -1 -1 -1 -1 -1 -1 -1 -1 -1 -1 -1 -1 -1 -1 -1 -1 -1 -1 -1 -1 -1 -1 -1 -1 -1 -1 -1 -1 -1 -1 -1 -1 -1 -1 -1 -1 -1 -1 -1 -1 -1 
-1 -1 -1 -1 -1 -1 -1 -1 -1 -1 -1 -1 -1 -1 -1 13779755 -1 -1 -1 -1 -1 -1 13779755 -1 -1 -1 -1 -1 -1 -1 -1 -1 -1 -1 -1 -1 -1 -1 -1 -1 -1 -1 -1 -1 -1 -1 -1 -1 -1 -1 -1 -1 -1 -1 -1 -1 -1 -1 -1 -1 
-1 -1 -1 -1 -1 -1 -1 -1 -1 -1 -1 -1 -1 -1 -1 -1 13779755 13779755 -1 -1 -1 -1 13779755 -1 -1 -1 -1 -1 -1 -1 -1 -1 -1 -1 -1 -1 -1 -1 13779755 -1 -1 -1 -1 -1 -1 -1 -1 -1 -1 -1 -1 -1 -1 -1 -1 -1 -1 -1 -1 -1 
-1 -1 -1 -1 -1 -1 -1 -1 -1 -1 -1 -1 -1 -1 -1 -1 -1 -1 -1 -1 -1 -1 -1 -1 -1 -1 -1 -1 -1 -1 -1 -1 -1 -1 -1 -1 -1 -1 12594204 -1 -1 -1 -1 -1 -1 -1 -1 -1 -1 -1 -1 -1 -1 -1 -1 -1 -1 -1 -1 -1 
-1 -1 -1 -1 -1 -1 -1 -1 12594204 -1 -1 -1 -1 -1 -1 -1 -1 -1 -1 -1 -1 -1 -1 -1 -1 -1 -1 -1 -1 -1 -1 -1 -1 -1 -1 -1 -1 -1 -1 -1 -1 -1 -1 -1 -1 -1 -1 -1 -1 -1 -1 -1 -1 -1 -1 -1 -1 -1 -1 -1 
-1 -1 -1 -1 -1 -1 -1 -1 -1 -1 -1 -1 -1 -1 -1 -1 -1 -1 -1 12594204 -1 -1 -1 -1 -1 -1 -1 -1 -1 -1 -1 -1 -1 -1 -1 -1 -1 -1 -1 -1 -1 -1 -1 -1 -1 -1 -1 -1 -1 -1 -1 -1 -1 -1 -1 -1 -1 -1 -1 -1 
-1 -1 -1 -1 -1 -1 -1 -1 -1 -1 -1 -1 -1 -1 -1 -1 -1 -1 -1 -1 -1 -1 -1 -1 -1 -1 -1 -1 12594204 12594204 -1 -1 -1 -1 -1 -1 -1 12594204 12594204 12594204 12594204 -1 -1 -1 -1 -1 -1 -1 12594204 12594204 -1 -1 -1 -1 -1 -1 -1 -1 -1 -1 
-1 -1 -1 -1 -1 -1 -1 -1 -1 -1 -1 -1 -1 -1 -1 -1 -1 -1 -1 -1 -1 -1 -1 -1 -1 -1 12594204 12594204 12594204 12594204 12594204 12594204 -1 -1 -1 -1 12594204 12594204 12594204 12594204 12594204 12594204 -1 -1 -1 -1 -1 -1 -1 -1 -1 -1 -1 -1 -1 -1 -1 -1 -1 -1 
-1 -1 -1 -1 -1 -1 13779755 -1 -1 -1 -1 -1 -1 -1 12594204 12594204 12594204 12594204 12594204 -1 -1 -1 -1 -1 -1 12594204 12594204 12594204 13779755 12594204 12594204 12594204 12594204 -1 -1 12594204 12594204 12594204 13779755 13779755 12594204 12594204 12594204 -1 -1 12594204 12594204 12594204 12594204 -1 -1 -1 -1 -1 -1 -1 -1 -1 -1 -1 
-1 -1 -1 -1 -1 -1 -1 -1 -1 -1 -1 -1 -1 12594204 12594204 13779755 12594204 12594204 12594204 12594204 12594204 -1 -1 -1 12594204 12594204 13779755 13779755 13779755 13779755 13779755 12594204 12594204 -1 -1 12594204 12594204 13779755 13779755 13779755 13779755 12594204 12594204 -1 12594204 13779755 13779755 13779755 12594204 12594204 -1 -1 -1 -1 -1 -1 -1 -1 -1 -1 
-1 -1 -1 -1 -1 -1 -1 -1 -1 -1 -1 -1 12594204 12594204 12594204 13779755 16445003 13779755 13779755 13779755 13779755 12594204 -1 12594204 12594204 12594204 16445003 16445003 16445003 16445003 16445003 13779755 12594204 12594204 -1 12594204 13779755 13779755 13779755 13779755 13779755 12594204 12594204 -1 12594204 13779755 13779755 13779755 13779755 12594204 12594204 -1 -1 -1 -1 -1 12594204 13779755 -1 -1 
-1 -1 -1 -1 -1 -1 -1 -1 -1 -1 -1 12594204 12594204 12594204 13779755 16445003 16445003 16445003 16445003 13779755 13779755 12594204 12594204 12594204 12594204 13779755 13779755 16445003 16445003 16645862 16445003 13779755 12594204 12594204 12594204 13779755 13779755 13779755 16445003 16445003 16445003 12594204 12594204 -1 14970693 13779755 16445003 13779755 13779755 12594204 12594204 -1 -1 -1 -1 -1 -1 -1 -1 -1 
-1 -1 -1 -1 -1 -1 -1 -1 -1 -1 -1 12594204 12594204 13779755 13779755 16445003 16445003 16445003 -1 14970693 13779755 12594204 12594204 12594204 12594204 13779755 14970693 14970693 16445003 16445003 16445003 13779755 12594204 12594204 12594204 13779755 13779755 13779755 16445003 16445003 16445003 12594204 14970693 14970693 14970693 16445003 16445003 13779755 13779755 12594204 12594204 -1 -1 -1 -1 -1 -1 -1 -1 -1 
-1 -1 -1 -1 -1 -1 -1 -1 -1 -1 -1 12594204 12594204 13779755 16645862 16645862 16445003 16445003 14970693 14970693 13779755 13779755 12594204 12594204 14970693 13779755 14970693 16445003 16445003 16445003 16445003 16445003 13779755 12594204 12594204 12594204 13779755 13779755 13779755 16445003 -1 16445003 14970693 14970693 16445003 16445003 13779755 16445003 13779755 12594204 12594204 -1 -1 -1 -1 -1 -1 -1 -1 -1 
-1 -1 -1 13779755 13779755 -1 -1 -1 -1 -1 -1 12594204 12594204 13779755 13779755 16645862 16445003 14970693 14970693 14970693 13779755 13779755 12594204 13779755 14970693 14970693 14970693 14970693 14970693 14970693 14970693 14970693 14970693 13779755 12594204 12594204 13779755 13779755 13779755 16445003 16445003 16445003 12594204 13779755 13779755 14970693 16445003 16445003 12594204 12594204 12594204 -1 -1 -1 -1 -1 -1 -1 -1 -1 
-1 -1 -1 -1 12594204 -1 -1 -1 -1 -1 -1 -1 12594204 13779755 13779755 -1 14970693 14970693 14970693 14970693 13779755 13779755 13779755 13779755 13779755 13779755 14970693 14970693 14970693 14970693 14970693 13779755 13779755 13779755 13779755 13779755 13779755 14970693 14970693 14970693 13779755 13779755 13779755 13779755 13779755 12594204 12594204 12594204 12594204 12594204 -1 -1 -1 -1 -1 -1 -1 -1 -1 -1 
-1 -1 -1 -1 -1 -1 -1 -1 -1 -1 -1 -1 12594204 12594204 13779755 13779755 14970693 14970693 14970693 13779755 13779755 13779755 12594204 13779755 13779755 13779755 13779755 13779755 13779755 12594204 13779755 13779755 13779755 13779755 13779755 14970693 13779755 13779755 14970693 14970693 14970693 13779755 13779755 14970693 13779755 13779755 12594204 12594204 12594204 -1 -1 -1 -1 -1 -1 -1 -1 -1 -1 -1 
-1 -1 13779755 -1 -1 -1 -1 -1 -1 -1 -1 -1 12594204 12594204 12594204 13779755 13779755 13779755 13779755 13779755 12594204 12594204 13779755 13779755 13779755 13779755 13779755 12594204 12594204 12594204 12594204 12594204 13779755 13779755 13779755 14970693 12594204 12594204 13779755 14970693 14970693 13779755 13779755 14970693 14970693 14970693 12594204 12594204 -1 -1 -1 -1 12594204 -1 -1 -1 -1 -1 -1 -1 
-1 -1 -1 -1 -1 -1 -1 -1 -1 -1 -1 -1 -1 12594204 12594204 12594204 13779755 13779755 13779755 13779755 12594204 13779755 13779755 12594204 12594204 13779755 13779755 13779755 13779755 13779755 13779755 12594204 13779755 13779755 12594204 14970693 14970693 12594204 12594204 13779755 13779755 13779755 13779755 13779755 14970693 14970693 12594204 -1 -1 -1 -1 -1 -1 -1 -1 -1 -1 -1 -1 -1 
-1 -1 -1 -1 -1 -1 -1 -1 -1 -1 -1 -1 -1 -1 12594204 12594204 12594204 13779755 13779755 13779755 12594204 13779755 12594204 12594204 14970693 14970693 14970693 14970693 14970693 13779755 13779755 12594204 12594204 13779755 12594204 12594204 14970693 14970693 12594204 12594204 12594204 13779755 13779755 13779755 14970693 14970693 12594204 12594204 -1 12594204 12594204 12594204 -1 -1 -1 -1 -1 -1 -1 -1 
-1 -1 -1 -1 -1 -1 -1 -1 -1 -1 -1 12594204 12594204 12594204 12594204 12594204 12594204 13779755 14970693 13779755 12594204 13779755 13779755 14970693 14970693 14970693 14970693 14970693 14970693 14970693 13779755 13779755 12594204 13779755 13779755 13779755 12594204 13779755 13779755 13779755 13779755 13779755 13779755 13779755 14970693 16445003 16445003 13779755 13779755 13779755 12594204 12594204 12594204 -1 -1 -1 -1 -1 -1 -1 
-1 -1 -1 -1 -1 -1 -1 -1 -1 -1 12594204 13779755 13779755 13779755 12594204 12594204 13779755 13779755 13779755 13779755 13779755 14970693 13779755 14970693 14970693 16445003 16445003 16445003 16645862 16445003 13779755 13779755 13779755 13779755 14970693 13779755 13779755 13779755 13779755 13779755 13779755 13779755 14970693 14970693 14970693 16445003 16445003 16445003 16445003 13779755 13779755 12594204 12594204 12594204 -1 -1 -1 -1 -1 -1 
-1 -1 -1 -1 -1 -1 -1 -1 -1 12594204 12594204 13779755 13779755 13779755 12594204 13779755 12594204 13779755 13779755 14970693 14970693 13779755 13779755 14970693 16445003 16445003 16645862 16645862 14970693 14970693 13779755 12594204 13779755 14970693 14970693 14970693 14970693 16445003 16445003 14970693 14970693 14970693 14970693 14970693 16445003 16445003 16645862 16645862 16445003 13779755 13779755 12594204 12594204 12594204 -1 -1 -1 -1 -1 -1 
-1 -1 -1 -1 -1 -1 -1 -1 -1 12594204 13779755 13779755 16445003 14970693 13779755 13779755 13779755 13779755 13779755 13779755 13779755 13779755 14970693 14970693 16445003 16445003 16445003 -1 14970693 13779755 13779755 13779755 13779755 14970693 12594204 16445003 16445003 16445003 16445003 16445003 14970693 14970693 14970693 13779755 16445003 -1 16645862 16645862 16445003 16445003 13779755 13779755 12594204 12594204 -1 -1 -1 -1 -1 -1 
-1 -1 -1 -1 13779755 -1 -1 -1 12594204 12594204 13779755 13779755 16445003 14970693 14970693 13779755 14970693 14970693 14970693 14970693 14970693 13779755 14970693 14970693 14970693 14970693 14970693 14970693 14970693 13779755 13779755 14970693 14970693 14970693 14970693 16445003 16445003 16445003 16445003 16445003 16445003 14970693 14970693 14970693 16445003 16445003 16445003 16445003 13779755 13779755 13779755 13779755 13779755 12594204 -1 -1 -1 -1 -1 -1 
-1 -1 -1 -1 -1 -1 -1 -1 12594204 12594204 13779755 13779755 14970693 14970693 16445003 16445003 16445003 16445003 16445003 -1 14970693 13779755 13779755 13779755 14970693 13779755 13779755 13779755 13779755 13779755 13779755 13779755 14970693 14970693 14970693 16445003 16445003 16445003 16445003 16445003 16445003 16445003 14970693 14970693 14970693 14970693 16445003 13779755 13779755 12594204 12594204 13779755 12594204 12594204 -1 -1 -1 -1 -1 -1 
-1 -1 -1 -1 -1 -1 -1 -1 12594204 12594204 13779755 14970693 14970693 16445003 16445003 16445003 16445003 16645322 16645862 16645862 16445003 13779755 13779755 13779755 12594204 14970693 12594204 12594204 12594204 12594204 13779755 13779755 12594204 14970693 14970693 16445003 16645862 16445003 16445003 16445003 16645862 16645862 16445003 14970693 14970693 14970693 13779755 13779755 13779755 12594204 12594204 12594204 12594204 -1 -1 -1 -1 -1 -1 -1 
-1 -1 -1 -1 -1 -1 -1 -1 -1 12594204 13779755 14970693 14970693 16445003 16445003 16445003 16445003 16445003 16445003 16645862 16445003 13779755 14970693 13779755 12594204 14970693 12594204 12594204 13779755 13779755 13779755 13779755 14970693 14970693 14970693 16445003 16645862 16645862 16645862 16645862 16645862 16445003 16445003 13779755 14970693 12594204 12594204 13779755 13779755 13779755 12594204 -1 -1 -1 -1 -1 -1 -1 -1 -1 
-1 -1 -1 -1 -1 -1 -1 -1 -1 12594204 12594204 13779755 14970693 16445003 16445003 16445003 16445003 16445003 16445003 16445003 16445003 16445003 14970693 13779755 12594204 12594204 12594204 12594204 13779755 13779755 12594204 12594204 12594204 14970693 12594204 16445003 16445003 16445003 16445003 16445003 -1 16445003 16445003 13779755 14970693 12594204 12594204 12594204 13779755 13779755 -1 -1 -1 -1 -1 -1 -1 -1 -1 -1 
-1 -1 -1 -1 -1 -1 -1 -1 -1 -1 12594204 12594204 13779755 13779755 16645322 16445003 16445003 16445003 16445003 16645322 16445003 16445003 14970693 13779755 12594204 12594204 12594204 13779755 13779755 13779755 13779755 14970693 14970693 14970693 14970693 14970693 16445003 16445003 16445003 16445003 16445003 14970693 14970693 14970693 14970693 14970693 13779755 12594204 13779755 -1 -1 -1 -1 -1 -1 -1 -1 -1 -1 -1 
-1 -1 -1 -1 -1 -1 12594204 -1 -1 -1 -1 12594204 12594204 13779755 13779755 16645322 16645322 16645322 16645322 16645322 16445003 13779755 14970693 12594204 12594204 12594204 12594204 13779755 13779755 13779755 13779755 13779755 14970693 13779755 14970693 14970693 14970693 14970693 14970693 14970693 14970693 13779755 14970693 14970693 14970693 13779755 13779755 12594204 12594204 12594204 12594204 12594204 -1 -1 -1 -1 -1 -1 -1 -1 
-1 -1 -1 -1 -1 -1 -1 -1 -1 -1 -1 -1 12594204 12594204 13779755 13779755 16445003 16445003 16445003 16445003 16445003 14970693 14970693 12594204 12594204 12594204 13779755 13779755 13779755 13779755 14970693 14970693 13779755 14970693 14970693 13779755 13779755 13779755 13779755 13779755 13779755 13779755 14970693 14970693 13779755 13779755 13779755 13779755 13779755 13779755 12594204 12594204 12594204 -1 -1 -1 -1 -1 -1 -1 
-1 -1 -1 -1 -1 -1 -1 -1 -1 -1 -1 -1 -1 12594204 12594204 13779755 13779755 13779755 16445003 16445003 14970693 14970693 13779755 12594204 12594204 12594204 13779755 13779755 13779755 14970693 14970693 14970693 13779755 13779755 13779755 13779755 13779755 13779755 13779755 13779755 13779755 14970693 13779755 13779755 12594204 12594204 12594204 13779755 13779755 13779755 13779755 12594204 12594204 -1 -1 -1 -1 -1 -1 -1 
-1 -1 -1 -1 -1 -1 -1 -1 -1 -1 -1 -1 -1 12594204 12594204 12594204 12594204 13779755 13779755 13779755 14970693 13779755 13779755 12594204 12594204 12594204 13779755 13779755 13779755 14970693 14970693 14970693 14970693 13779755 13779755 13779755 13779755 13779755 13779755 14970693 14970693 14970693 13779755 12594204 12594204 16645862 16645862 16445003 13779755 13779755 13779755 13779755 12594204 12594204 -1 -1 -1 -1 -1 -1 
-1 -1 -1 -1 -1 -1 -1 -1 -1 -1 -1 -1 12594204 12594204 12594204 12594204 12594204 13779755 12594204 13779755 13779755 13779755 13779755 12594204 12594204 12594204 13779755 13779755 13779755 14970693 16445003 16445003 14970693 14970693 14970693 14970693 13779755 13779755 14970693 14970693 12594204 14970693 12594204 12594204 16445003 16645862 16645862 16445003 13779755 13779755 13779755 12594204 13779755 12594204 -1 -1 -1 -1 -1 -1 
-1 -1 -1 -1 -1 -1 -1 -1 -1 -1 -1 12594204 12594204 13779755 13779755 13779755 12594204 12594204 12594204 12594204 13779755 13779755 13779755 12594204 12594204 12594204 12594204 13779755 13779755 13779755 16445003 16445003 14970693 14970693 14970693 13779755 13779755 13779755 14970693 14970693 12594204 16445003 16445003 16445003 16445003 16445003 16445003 16445003 13779755 13779755 12594204 12594204 13779755 12594204 -1 -1 -1 -1 -1 -1 
-1 -1 -1 -1 -1 -1 -1 -1 -1 -1 -1 12594204 12594204 13779755 13779755 13779755 13779755 13779755 13779755 12594204 12594204 12594204 13779755 14970693 14970693 12594204 12594204 13779755 13779755 13779755 16445003 14970693 13779755 13779755 13779755 13779755 13779755 13779755 13779755 14970693 12594204 16445003 16445003 16645862 16645322 16445003 16445003 16445003 13779755 13779755 12594204 13779755 -1 -1 -1 -1 -1 -1 -1 -1 
-1 -1 -1 -1 -1 -1 -1 -1 -1 -1 12594204 12594204 13779755 13779755 16445003 13779755 13779755 14970693 14970693 13779755 13779755 13779755 13779755 14970693 14970693 14970693 14970693 13779755 13779755 13779755 14970693 14970693 14970693 14970693 13779755 13779755 12594204 12594204 13779755 13779755 14970693 16445003 16445003 16645862 16445003 14970693 14970693 14970693 13779755 13779755 12594204 12594204 -1 -1 -1 -1 -1 -1 -1 -1 
-1 -1 -1 -1 -1 -1 -1 12594204 -1 -1 12594204 12594204 13779755 16445003 16445003 16445003 16445003 16445003 14970693 14970693 14970693 13779755 13779755 13779755 13779755 14970693 14970693 14970693 14970693 14970693 14970693 14970693 14970693 14970693 13779755 12594204 12594204 13779755 13779755 14970693 14970693 16445003 16445003 16645862 16445003 14970693 14970693 13779755 13779755 12594204 12594204 12594204 -1 -1 -1 -1 -1 -1 -1 -1 
-1 -1 -1 -1 -1 -1 -1 -1 -1 -1 12594204 12594204 13779755 13779755 13779755 16445003 16445003 16445003 16445003 16445003 14970693 14970693 13779755 13779755 13779755 13779755 13779755 12594204 12594204 14970693 14970693 13779755 14970693 14970693 14970693 12594204 13779755 13779755 14970693 14970693 12594204 16445003 16445003 16445003 14970693 14970693 13779755 13779755 12594204 12594204 12594204 12594204 -1 -1 -1 -1 -1 -1 -1 -1 
-1 -1 -1 -1 -1 -1 -1 -1 -1 -1 12594204 12594204 13779755 13779755 16645322 16645322 16445003 16445003 16445003 16445003 14970693 14970693 13779755 13779755 13779755 13779755 13779755 12594204 12594204 12594204 12594204 12594204 13779755 14970693 14970693 14970693 13779755 16445003 16445003 14970693 12594204 12594204 12594204 14970693 14970693 13779755 13779755 12594204 -1 -1 -1 -1 -1 -1 -1 -1 -1 -1 -1 -1 
-1 -1 -1 -1 -1 -1 -1 -1 -1 -1 12594204 12594204 13779755 13779755 13779755 16645862 16645862 16445003 16445003 16445003 14970693 14970693 13779755 13779755 13779755 13779755 13779755 13779755 12594204 12594204 12594204 12594204 12594204 14970693 14970693 16445003 16445003 16445003 16445003 14970693 12594204 12594204 13779755 14970693 13779755 16445003 13779755 12594204 -1 -1 -1 -1 -1 -1 -1 -1 -1 -1 -1 -1 
-1 -1 -1 -1 -1 -1 -1 -1 -1 -1 12594204 12594204 12594204 13779755 13779755 16645322 16645862 16645322 16445003 16445003 14970693 14970693 13779755 13779755 12594204 12594204 13779755 13779755 13779755 13779755 12594204 12594204 12594204 14970693 13779755 16445003 16645862 16445003 16445003 14970693 12594204 12594204 13779755 14970693 16445003 16445003 13779755 13779755 12594204 -1 -1 -1 -1 13779755 -1 -1 -1 -1 -1 -1 
-1 -1 12594204 -1 -1 -1 -1 -1 -1 -1 -1 12594204 12594204 12594204 13779755 13779755 13779755 14970693 14970693 14970693 14970693 13779755 13779755 12594204 12594204 12594204 13779755 16445003 13779755 13779755 12594204 12594204 12594204 12594204 16445003 16445003 16445003 16445003 16445003 13779755 13779755 13779755 13779755 13779755 16445003 16445003 16445003 13779755 12594204 12594204 -1 -1 -1 -1 -1 -1 -1 -1 -1 -1 
-1 -1 -1 -1 -1 -1 -1 -1 -1 -1 -1 -1 12594204 12594204 12594204 13779755 13779755 13779755 13779755 13779755 13779755 12594204 12594204 12594204 12594204 16445003 16445003 16445003 16445003 16445003 16445003 12594204 12594204 12594204 16445003 16445003 16445003 16445003 16445003 13779755 12594204 12594204 12594204 13779755 16445003 16445003 16445003 13779755 13779755 12594204 -1 -1 -1 -1 -1 -1 -1 -1 -1 -1 
-1 -1 -1 -1 -1 -1 -1 -1 -1 -1 -1 -1 -1 12594204 12594204 12594204 12594204 12594204 13779755 13779755 12594204 -1 -1 12594204 12594204 16445003 16445003 16445003 16445003 16445003 12594204 12594204 12594204 12594204 12594204 13779755 16445003 14970693 14970693 13779755 12594204 -1 12594204 13779755 13779755 16445003 16445003 13779755 13779755 12594204 -1 -1 -1 -1 -1 -1 -1 -1 -1 -1 
-1 -1 -1 -1 -1 -1 -1 -1 13779755 -1 -1 -1 -1 -1 -1 12594204 12594204 12594204 12594204 12594204 12594204 -1 -1 12594204 12594204 16445003 16645862 16645862 16645862 16445003 12594204 12594204 -1 12594204 12594204 14970693 14970693 14970693 13779755 13779755 12594204 -1 -1 12594204 13779755 13779755 13779755 13779755 12594204 12594204 -1 12594204 13779755 -1 -1 -1 -1 -1 -1 -1 
-1 -1 -1 -1 -1 -1 -1 -1 -1 -1 12594204 -1 -1 -1 -1 -1 -1 -1 -1 -1 -1 -1 -1 -1 12594204 12594204 16445003 16445003 16445003 12594204 12594204 12594204 -1 12594204 12594204 13779755 13779755 13779755 13779755 13779755 12594204 -1 -1 12594204 12594204 12594204 13779755 12594204 12594204 -1 -1 -1 -1 -1 -1 -1 -1 -1 -1 -1 
-1 -1 -1 -1 -1 12594204 -1 -1 -1 -1 -1 -1 -1 -1 -1 -1 -1 -1 -1 -1 -1 -1 -1 -1 -1 12594204 12594204 12594204 12594204 12594204 12594204 -1 -1 12594204 12594204 13779755 13779755 13779755 13779755 12594204 -1 -1 -1 -1 12594204 12594204 12594204 12594204 -1 -1 -1 -1 -1 -1 -1 -1 -1 -1 -1 -1 
-1 -1 -1 -1 -1 -1 -1 -1 -1 -1 -1 -1 -1 -1 -1 -1 -1 -1 -1 -1 -1 -1 -1 -1 -1 -1 12594204 12594204 12594204 12594204 -1 -1 -1 -1 12594204 12594204 12594204 12594204 12594204 12594204 -1 -1 -1 -1 -1 -1 -1 -1 -1 -1 -1 -1 -1 -1 -1 -1 -1 -1 -1 -1 
-1 -1 -1 -1 -1 -1 -1 -1 -1 -1 -1 -1 -1 -1 -1 -1 -1 -1 -1 -1 -1 -1 -1 -1 -1 -1 -1 12594204 12594204 -1 -1 -1 -1 -1 -1 -1 -1 12594204 12594204 -1 -1 -1 12594204 -1 -1 -1 -1 -1 -1 -1 -1 -1 -1 -1 -1 -1 -1 -1 -1 -1 
-1 -1 -1 -1 -1 -1 -1 -1 -1 -1 -1 -1 -1 -1 -1 -1 -1 -1 -1 -1 -1 -1 -1 -1 -1 -1 -1 -1 -1 -1 -1 -1 -1 -1 -1 -1 -1 -1 -1 -1 -1 -1 -1 -1 -1 -1 -1 -1 -1 -1 -1 -1 -1 -1 -1 -1 -1 -1 -1 -1 
-1 -1 -1 -1 -1 -1 -1 -1 -1 -1 -1 -1 -1 -1 -1 -1 -1 -1 -1 -1 -1 12594204 -1 -1 -1 -1 -1 -1 -1 -1 13779755 -1 -1 -1 -1 -1 -1 -1 -1 -1 -1 -1 -1 -1 -1 -1 -1 -1 -1 -1 -1 -1 -1 -1 -1 -1 -1 -1 -1 -1 
-1 -1 -1 -1 -1 -1 -1 -1 -1 -1 -1 -1 12594204 -1 -1 -1 -1 -1 -1 -1 -1 -1 -1 -1 -1 -1 -1 -1 -1 -1 -1 -1 -1 -1 -1 -1 -1 -1 -1 -1 -1 -1 -1 -1 -1 -1 -1 12594204 -1 -1 -1 -1 -1 -1 -1 -1 -1 -1 -1 -1 
-1 -1 -1 -1 -1 -1 -1 -1 -1 -1 -1 -1 -1 -1 -1 -1 -1 -1 -1 -1 -1 -1 -1 -1 -1 -1 -1 -1 -1 -1 -1 -1 -1 -1 -1 -1 -1 -1 -1 -1 -1 -1 -1 -1 -1 -1 -1 -1 -1 -1 -1 -1 -1 -1 -1 -1 -1 -1 -1 -1 
