-1 -1 -1 -1 -1 -1 -1 -1 -1 -1 -1 -1 -1 -1 -1 -1 -1 -1 -1 -1 -1 -1 -1 -1 -1 -1 -1 -1 -1 -1 -1 -1 -1 -1 -1 -1 -1 -1 -1 -1 -1 -1 -1 -1 -1 -1 -1 -1 -1 -1 -1 -1 -1 -1 -1 -1 -1 -1 -1 -1 
-1 -1 -1 -1 -1 -1 -1 -1 -1 -1 -1 -1 -1 -1 -1 -1 -1 -1 -1 -1 -1 -1 -1 -1 -1 -1 -1 -1 -1 -1 -1 -1 -1 -1 -1 -1 -1 -1 -1 -1 -1 -1 -1 -1 -1 -1 -1 -1 -1 -1 -1 -1 -1 -1 -1 -1 -1 -1 -1 -1 
-1 -1 -1 -1 -1 -1 -1 -1 -1 -1 -1 -1 -1 -1 -1 -1 -1 -1 -1 -1 -1 -1 -1 -1 -1 -1 -1 -1 -1 -1 -1 -1 -1 -1 -1 -1 -1 -1 -1 -1 -1 -1 -1 -1 -1 -1 -1 -1 -1 -1 -1 -1 -1 -1 -1 -1 -1 -1 -1 -1 
-1 -1 -1 -1 -1 -1 -1 -1 -1 -1 -1 -1 -1 -1 -1 -1 -1 -1 -1 -1 -1 -1 -1 -1 12463130 12463130 12463130 12463130 12463130 -1 -1 -1 -1 -1 -1 -1 -1 -1 -1 -1 -1 -1 -1 -1 -1 -1 -1 -1 -1 -1 -1 -1 -1 -1 -1 -1 -1 -1 -1 -1 
-1 -1 -1 -1 -1 -1 -1 -1 -1 -1 -1 -1 -1 -1 -1 -1 -1 -1 -1 -1 -1 -1 -1 12463130 12463130 13253927 14775108 16444495 12463130 12463130 12463130 12463130 12463130 -1 -1 -1 -1 -1 -1 -1 -1 -1 -1 -1 -1 -1 -1 -1 -1 -1 -1 -1 -1 -1 -1 -1 -1 -1 -1 -1 
-1 -1 -1 -1 -1 -1 -1 -1 -1 -1 -1 -1 -1 -1 -1 -1 -1 -1 12463130 12463130 12463130 12463130 12463130 12463130 14775108 14775108 14775108 16444495 16444495 16444495 16444495 14775108 12463130 12463130 12463130 -1 -1 -1 -1 -1 12463130 12463130 12463130 12463130 12463130 -1 -1 -1 -1 -1 -1 -1 -1 -1 -1 -1 -1 -1 -1 -1 
-1 -1 -1 -1 -1 -1 -1 -1 -1 -1 12463130 12463130 12463130 12463130 12463130 12463130 12463130 12463130 12463130 12463130 12463130 12463130 13253927 14775108 14775108 16444495 16444495 16444495 16444495 16444495 16444495 14775108 14775108 16444495 12463130 12463130 12463130 12463130 12463130 12463130 12463130 13253927 13253927 13253927 13253927 12463130 12463130 -1 -1 -1 -1 -1 -1 -1 -1 -1 -1 -1 -1 -1 
-1 -1 -1 -1 -1 -1 -1 -1 -1 -1 12463130 13253927 14775108 14775108 14775108 16580328 16580328 16580328 16444495 16444495 16444495 16444495 16444495 16444495 16444495 16444495 16444495 16444495 14775108 14775108 14775108 14775108 16444495 16444495 16444495 16444495 14775108 14775108 13253927 13253927 13253927 13253927 14775108 14775108 14775108 14775108 12463130 12463130 12463130 12463130 12463130 -1 -1 -1 -1 -1 -1 -1 -1 -1 
-1 -1 -1 -1 -1 -1 -1 -1 -1 12463130 12463130 14775108 14775108 14775108 14775108 16580328 16444495 16444495 16444495 16444495 16444495 16444495 16444495 16444495 16444495 14775108 14775108 14775108 14775108 16444495 16444495 16444495 16444495 16444495 16444495 16444495 16444495 16444495 14775108 14775108 14775108 13253927 13253927 13253927 14775108 14775108 14775108 14775108 14775108 14775108 12463130 12463130 -1 -1 -1 -1 -1 -1 -1 -1 
-1 -1 -1 -1 -1 -1 -1 -1 -1 12463130 14775108 14775108 16444495 16444495 16444495 16444495 16444495 14775108 14775108 14775108 14775108 14775108 14775108 14775108 14775108 14775108 14775108 14775108 14775108 14775108 14775108 14775108 14775108 14775108 14775108 14775108 14775108 16444495 16444495 16444495 14775108 14775108 16580328 16580328 16580328 14775108 14775108 13253927 13253927 13253927 13253927 13253927 12463130 -1 -1 -1 -1 -1 -1 -1 
-1 -1 -1 -1 -1 -1 -1 -1 -1 12463130 14775108 -1 16177486 16444495 16444495 16444495 14775108 14775108 16444495 16444495 16444495 16444495 16444495 14775108 14775108 16444495 16444495 16444495 16444495 14775108 14775108 14775108 16444495 16444495 16444495 16444495 14775108 14775108 16444495 16444495 16444495 16580328 16580328 -1 16580328 -1 14775108 14775108 14775108 13253927 13253927 13253927 12463130 -1 -1 -1 -1 -1 -1 -1 
-1 -1 -1 -1 -1 -1 -1 -1 12463130 13253927 14775108 14775108 16177486 16444495 16444495 16444495 16444495 16444495 16444495 16444495 16444495 16444495 16444495 16444495 16444495 16444495 16580328 16580328 16444495 16444495 16444495 16444495 16444495 16444495 16444495 16444495 16444495 14775108 14775108 16444495 16444495 16444495 16580328 16580328 16580328 16580328 16444495 16444495 14775108 14775108 14775108 13253927 12463130 -1 -1 -1 -1 -1 -1 -1 
-1 -1 -1 -1 -1 -1 -1 -1 12463130 14775108 14775108 -1 16177486 16444495 16444495 16444495 16444495 16444495 16444495 16444495 16444495 16444495 16444495 16444495 16444495 16580328 16580328 16580328 16580328 16444495 16444495 16444495 16580328 16580328 16580328 16444495 16444495 16444495 14775108 14775108 16444495 16444495 16444495 16580328 16580328 16580328 16444495 16444495 16444495 16444495 14775108 12463130 -1 -1 -1 -1 -1 -1 -1 -1 
-1 -1 -1 -1 -1 -1 -1 12463130 12463130 14775108 -1 16177486 16444495 16444495 16444495 14775108 16444495 16444495 16444495 16444495 16444495 16444495 16444495 16580328 16580328 16580328 16580328 16580328 16580328 16444495 16444495 16444495 16580328 16444495 16580328 16580328 16580328 16444495 16444495 14775108 14775108 16444495 16444495 16444495 16580328 16580328 16444495 16444495 16444495 13253927 13253927 12463130 -1 -1 -1 -1 -1 -1 -1 -1 
-1 -1 -1 -1 -1 -1 -1 12463130 13253927 14775108 14775108 16444495 16444495 16444495 16444495 14775108 16444495 16444495 16580328 16580328 16580328 16580328 16580328 16580328 16580328 16580328 16580328 16580328 16580328 16580328 16444495 16444495 16444495 16580328 16580328 16580328 16580328 16580328 16580328 -1 14775108 16444495 16444495 16444495 16580328 16580328 16444495 16444495 16444495 14775108 12463130 12463130 -1 -1 -1 -1 -1 -1 -1 -1 
-1 -1 -1 -1 -1 -1 12463130 12463130 13253927 14775108 14775108 16444495 16444495 16444495 14775108 14775108 16444495 16580328 16580328 16580328 16580328 16580328 16580328 16580328 16580328 16580328 16580328 16580328 16580328 16580328 16444495 16444495 16444495 16580328 16580328 16580328 16580328 16580328 16580328 16580328 14775108 14775108 16444495 16444495 16580328 16444495 16444495 16444495 14775108 14775108 12463130 -1 -1 -1 -1 -1 -1 -1 -1 -1 
-1 -1 -1 -1 -1 -1 12463130 12463130 13253927 13253927 14775108 16444495 16444495 14775108 14775108 16444495 16580328 16580328 16580328 16580328 16580328 16580328 16444495 16580328 16580328 16580328 16580328 16580328 16580328 16580328 16580328 16444495 16580328 16580328 16580328 16580328 16580328 16580328 16580328 16580328 16580328 14775108 14775108 16444495 16444495 16444495 16444495 14775108 13253927 13253927 12463130 -1 -1 -1 -1 -1 -1 -1 -1 -1 
-1 -1 -1 -1 -1 -1 12463130 12463130 13253927 13253927 14775108 16444495 16444495 14775108 14775108 16444495 16580328 16580328 16444495 16580328 16580328 16444495 16444495 16580328 16580328 16580328 16580328 16580328 16580328 16580328 16580328 16444495 16580328 16580328 16580328 16580328 16580328 16580328 16580328 16580328 16580328 16444495 14775108 14775108 16444495 16444495 14775108 14775108 13253927 12463130 12463130 -1 -1 -1 -1 -1 -1 -1 -1 -1 
-1 -1 -1 -1 -1 -1 12463130 12463130 13253927 14775108 14775108 16444495 16444495 14775108 14775108 16444495 16580328 16580328 16444495 16580328 16580328 16580328 16580328 16580328 16580328 16580328 16580328 16580328 16580328 16580328 16580328 16580328 16580328 16444495 16580328 16580328 16580328 16580328 16580328 16444495 16580328 16580328 16444495 14775108 16444495 16444495 14775108 14775108 12463130 12463130 -1 -1 -1 -1 -1 -1 -1 -1 -1 -1 
-1 -1 -1 -1 -1 -1 -1 12463130 13253927 14775108 16444495 16444495 16444495 14775108 16444495 16444495 16580328 16444495 16580328 16580328 16580328 16580328 16580328 16580328 16580328 16580328 16580328 16580328 16580328 16580328 16580328 16580328 16580328 16444495 16444495 16580328 16444495 16580328 16580328 16444495 -1 16580328 16444495 14775108 16177486 16177486 13253927 13253927 12463130 12463130 -1 -1 -1 -1 -1 -1 -1 -1 -1 -1 
-1 -1 -1 -1 -1 -1 -1 12463130 13253927 14775108 16444495 16444495 16444495 16444495 16444495 16444495 16580328 16444495 16580328 16580328 16580328 16580328 16580328 16580328 16580328 16580328 16580328 16580328 16580328 16580328 16580328 16580328 16580328 16580328 16444495 16580328 16444495 16580328 16580328 16580328 16580328 16580328 16444495 14775108 16177486 16444495 14775108 13253927 13253927 13253927 -1 -1 -1 -1 -1 -1 -1 -1 -1 -1 
-1 -1 -1 -1 -1 -1 -1 -1 12463130 14775108 16444495 16444495 16444495 16444495 16444495 16444495 16444495 16580328 16580328 16580328 16580328 16580328 16580328 16580328 16580328 16580328 16580328 16580328 16580328 16580328 16580328 16580328 16580328 16580328 16580328 16444495 16444495 16580328 16580328 16580328 16580328 16444495 16444495 14775108 16444495 16444495 14775108 13253927 13253927 12463130 12463130 -1 -1 -1 -1 -1 -1 -1 -1 -1 
-1 -1 -1 -1 -1 -1 -1 -1 12463130 14775108 14775108 14775108 16444495 16444495 16444495 16444495 16444495 16580328 16580328 16580328 16580328 16580328 16580328 16580328 16580328 16580328 16580328 16580328 16580328 16580328 16580328 16580328 16580328 16580328 16444495 16444495 16580328 16580328 16444495 16444495 16444495 16444495 16444495 14775108 14775108 14775108 14775108 13253927 13253927 13253927 13253927 12463130 -1 -1 -1 -1 -1 -1 -1 -1 
-1 -1 -1 -1 -1 -1 -1 -1 12463130 12463130 13253927 14775108 16444495 16444495 16444495 16444495 16444495 16580328 16580328 16580328 16580328 16580328 16580328 16580328 16580328 16580328 16580328 16580328 16580328 16444495 16444495 16580328 16580328 16580328 16580328 16580328 16580328 16444495 16444495 16444495 16444495 16444495 16444495 16444495 14775108 14775108 14775108 13253927 13253927 13253927 13253927 12463130 -1 -1 -1 -1 -1 -1 -1 -1 
-1 -1 -1 -1 -1 -1 -1 -1 12463130 12463130 14775108 14775108 16444495 16444495 16444495 16444495 16580328 16580328 16580328 16444495 16580328 16580328 16580328 16580328 16580328 16580328 16580328 16580328 16580328 16580328 16580328 16580328 16580328 16580328 16177486 16580328 16444495 16444495 16444495 16444495 16444495 16444495 16444495 14775108 14775108 16444495 14775108 14775108 14775108 14775108 14775108 12463130 -1 -1 -1 -1 -1 -1 -1 -1 
-1 -1 -1 -1 -1 -1 -1 -1 12463130 12463130 14775108 14775108 14775108 16444495 16444495 16444495 16580328 16580328 16580328 16444495 16444495 16580328 16580328 16444495 16580328 16580328 16580328 16580328 16580328 16580328 16580328 16580328 -1 16177486 16177486 16444495 16444495 16444495 14775108 14775108 14775108 14775108 14775108 14775108 16444495 16444495 16444495 16444495 16444495 16444495 12463130 12463130 -1 -1 -1 -1 -1 -1 -1 -1 
-1 -1 -1 -1 -1 -1 -1 -1 12463130 12463130 14775108 14775108 14775108 14775108 16444495 16444495 16444495 16444495 16580328 16580328 16580328 16580328 16580328 16580328 16580328 16580328 16580328 16580328 16580328 16580328 16444495 16444495 16177486 16177486 16444495 16444495 14775108 14775108 16444495 16444495 16444495 16444495 16444495 16444495 16444495 16444495 16444495 16444495 16444495 16444495 12463130 -1 -1 -1 -1 -1 -1 -1 -1 -1 
-1 -1 -1 -1 -1 -1 12463130 12463130 12463130 12463130 13253927 13253927 14775108 14775108 14775108 16444495 16444495 16444495 16444495 16444495 16444495 16444495 16444495 16444495 16444495 16444495 16580328 16580328 16580328 16177486 16177486 16177486 16177486 16444495 14775108 14775108 14775108 16444495 16444495 16444495 16444495 16444495 16444495 16444495 16444495 16580328 16444495 16444495 16444495 14775108 12463130 -1 -1 -1 -1 -1 -1 -1 -1 -1 
-1 -1 -1 -1 -1 -1 12463130 12463130 12463130 14775108 14775108 14775108 14775108 16444495 14775108 14775108 16444495 16444495 16444495 16444495 16444495 16444495 16444495 16444495 16444495 16444495 16444495 16177486 16177486 16177486 16444495 16444495 16444495 16444495 14775108 16444495 16444495 16444495 16580328 16580328 16580328 16580328 16580328 16580328 16580328 16444495 16444495 16444495 16444495 14775108 12463130 -1 -1 -1 -1 -1 -1 -1 -1 -1 
-1 -1 -1 -1 -1 -1 12463130 12463130 14775108 14775108 16444495 16444495 16444495 16444495 14775108 14775108 14775108 16444495 16580328 16580328 16444495 16444495 16444495 16444495 16444495 16444495 16444495 16177486 16177486 16444495 14775108 14775108 14775108 14775108 14775108 16444495 16444495 16444495 16580328 16580328 16580328 16580328 16580328 16580328 16580328 16444495 16444495 16444495 14775108 13253927 12463130 -1 -1 -1 -1 -1 -1 -1 -1 -1 
-1 -1 -1 -1 -1 -1 12463130 12463130 14775108 16444495 16444495 16444495 16444495 16444495 16444495 14775108 14775108 14775108 16444495 16580328 16580328 16580328 16580328 16444495 16444495 16177486 16177486 16177486 16444495 14775108 14775108 16444495 14775108 14775108 16444495 16444495 16444495 -1 16580328 16580328 16580328 16444495 16580328 -1 16580328 16444495 16444495 16444495 14775108 12463130 12463130 -1 -1 -1 -1 -1 -1 -1 -1 -1 
-1 -1 -1 -1 -1 -1 -1 12463130 14775108 16444495 16444495 16444495 16444495 16444495 16444495 16444495 16444495 14775108 14775108 14775108 14775108 14775108 14775108 14775108 14775108 16444495 14775108 14775108 14775108 14775108 16444495 16444495 14775108 16177486 16177486 16444495 16444495 16580328 16580328 16580328 16580328 16444495 16580328 16580328 16580328 14775108 14775108 14775108 13253927 12463130 -1 -1 -1 -1 -1 -1 -1 -1 -1 -1 
-1 -1 -1 -1 -1 -1 -1 12463130 14775108 16444495 16444495 16444495 16444495 16580328 16580328 16580328 16580328 -1 16177486 16177486 16177486 16177486 16177486 16177486 14775108 14775108 14775108 14775108 14775108 16444495 16444495 16444495 14775108 16177486 16177486 16444495 16444495 16580328 16580328 16580328 16580328 16444495 16580328 16580328 16580328 14775108 13253927 13253927 13253927 12463130 -1 -1 -1 -1 -1 -1 -1 -1 -1 -1 
-1 -1 -1 -1 -1 -1 -1 12463130 14775108 14775108 16444495 16444495 16444495 16580328 16580328 16444495 16580328 16580328 16444495 16444495 16444495 16444495 16444495 16177486 16444495 16444495 14775108 14775108 16444495 16444495 16444495 16444495 14775108 16444495 16177486 16177486 16444495 16580328 -1 16580328 16580328 16444495 16444495 16580328 16580328 14775108 14775108 13253927 13253927 12463130 12463130 -1 -1 -1 -1 -1 -1 -1 -1 -1 
-1 -1 -1 -1 -1 -1 -1 12463130 12463130 14775108 14775108 16444495 16444495 16580328 16580328 16580328 16580328 16580328 16580328 16444495 16444495 16444495 16444495 16444495 16444495 14775108 14775108 16444495 16444495 16444495 16444495 16444495 14775108 14775108 16444495 16177486 16177486 16444495 16444495 16580328 16580328 -1 16580328 16580328 16580328 14775108 14775108 14775108 13253927 14775108 12463130 -1 -1 -1 -1 -1 -1 -1 -1 -1 
-1 -1 -1 -1 -1 -1 -1 -1 12463130 12463130 14775108 14775108 16444495 16580328 16580328 16580328 16580328 16580328 16580328 16444495 16444495 16444495 16444495 14775108 14775108 14775108 -1 16580328 16580328 16580328 16580328 16580328 16580328 14775108 14775108 16444495 16177486 16177486 16444495 16444495 16580328 16580328 -1 16580328 14775108 14775108 16444495 16444495 13253927 13253927 12463130 -1 -1 -1 -1 -1 -1 -1 -1 -1 
-1 -1 -1 -1 -1 -1 -1 -1 -1 12463130 14775108 14775108 16444495 16444495 16444495 16444495 16580328 16580328 16580328 16580328 16444495 16444495 16444495 14775108 16444495 16580328 16580328 16444495 16444495 16580328 16580328 16580328 16580328 16444495 14775108 14775108 14775108 16177486 16177486 16444495 16444495 16580328 16580328 16580328 14775108 16444495 16444495 16444495 16444495 13253927 12463130 -1 -1 -1 -1 -1 -1 -1 -1 -1 
-1 -1 -1 -1 -1 -1 -1 -1 -1 -1 12463130 14775108 16444495 16444495 16444495 16444495 16444495 16444495 16444495 16444495 16444495 16444495 16444495 16444495 16444495 16580328 16444495 16444495 16580328 16580328 16580328 16580328 16580328 16444495 16444495 16444495 14775108 14775108 16444495 16444495 16444495 16444495 16444495 16444495 14775108 16444495 16444495 16444495 16444495 13253927 12463130 -1 -1 -1 -1 -1 -1 -1 -1 -1 
-1 -1 -1 -1 -1 -1 -1 -1 -1 12463130 12463130 14775108 14775108 14775108 16444495 16444495 16444495 16444495 16444495 16444495 16444495 16444495 14775108 16444495 16580328 16580328 16444495 16580328 16580328 16580328 16580328 16580328 16580328 16580328 16580328 16444495 16444495 14775108 14775108 16444495 16444495 16444495 16444495 14775108 14775108 16444495 16444495 16580328 16444495 16444495 12463130 12463130 -1 -1 -1 -1 -1 -1 -1 -1 
-1 -1 -1 -1 -1 -1 -1 -1 12463130 12463130 13253927 14775108 14775108 14775108 14775108 14775108 14775108 16444495 16444495 16444495 16444495 16444495 14775108 16444495 16580328 16580328 16580328 16580328 16580328 16580328 16580328 16580328 16580328 16580328 16580328 16580328 16580328 16580328 14775108 14775108 16444495 16444495 16444495 14775108 14775108 14775108 16444495 16444495 16444495 16444495 13253927 12463130 12463130 -1 -1 -1 -1 -1 -1 -1 
-1 -1 -1 -1 -1 -1 -1 12463130 12463130 13253927 13253927 14775108 16444495 14775108 14775108 14775108 14775108 14775108 16444495 16444495 16444495 14775108 14775108 16444495 16580328 16580328 16580328 16580328 16580328 16580328 16580328 16580328 16580328 16444495 16444495 16580328 16580328 16580328 16444495 16444495 14775108 14775108 14775108 14775108 14775108 14775108 16444495 16580328 16444495 16444495 13253927 13253927 12463130 -1 -1 -1 -1 -1 -1 -1 
-1 -1 -1 -1 -1 -1 -1 12463130 12463130 14775108 14775108 16444495 16444495 16444495 16444495 14775108 14775108 14775108 14775108 16444495 16444495 14775108 14775108 16580328 16580328 16580328 16580328 16580328 16580328 16580328 16580328 16580328 16580328 16444495 16444495 16580328 16580328 16580328 16580328 16444495 16444495 16444495 16444495 14775108 16444495 16444495 16444495 16444495 16444495 16444495 13253927 13253927 12463130 -1 -1 -1 -1 -1 -1 -1 
-1 -1 -1 -1 -1 -1 -1 12463130 12463130 14775108 16444495 16444495 16444495 16444495 16444495 16444495 16444495 16444495 14775108 14775108 16444495 14775108 16444495 16580328 16580328 16444495 16444495 16444495 16580328 16580328 16580328 16580328 16580328 16580328 16444495 16580328 16580328 16580328 16580328 16580328 16444495 16444495 16444495 14775108 16444495 16444495 16580328 16580328 16444495 16444495 14775108 14775108 12463130 -1 -1 -1 -1 -1 -1 -1 
-1 -1 -1 -1 -1 -1 -1 12463130 12463130 14775108 16444495 16444495 16444495 16444495 16580328 16580328 16444495 16444495 16444495 14775108 14775108 14775108 16444495 16580328 16580328 16580328 16580328 16444495 16580328 16580328 16580328 16580328 16580328 16444495 16444495 16580328 16580328 16580328 16580328 16580328 14775108 16444495 14775108 14775108 16444495 16580328 -1 16580328 16444495 16444495 14775108 13253927 12463130 -1 -1 -1 -1 -1 -1 -1 
-1 -1 -1 -1 -1 -1 -1 -1 12463130 14775108 16444495 16444495 16444495 16444495 16580328 16580328 16580328 16444495 16444495 16444495 14775108 14775108 16444495 16444495 16444495 16444495 16580328 16444495 16444495 16444495 16580328 16580328 16580328 16580328 16580328 16580328 16580328 16580328 16580328 14775108 14775108 13253927 14775108 14775108 16444495 16580328 16580328 16580328 16444495 16444495 13253927 13253927 12463130 -1 -1 -1 -1 -1 -1 -1 
-1 -1 -1 -1 -1 -1 -1 -1 12463130 14775108 14775108 16444495 16444495 16444495 16444495 16444495 16580328 16580328 16444495 16444495 16444495 14775108 14775108 16444495 16444495 16444495 16444495 16444495 16580328 16580328 16580328 16580328 16444495 16444495 16444495 16580328 16580328 16580328 14775108 14775108 13253927 13253927 13253927 14775108 16444495 16444495 16444495 16444495 14775108 14775108 13253927 12463130 -1 -1 -1 -1 -1 -1 -1 -1 
-1 -1 -1 -1 -1 -1 -1 -1 12463130 12463130 14775108 14775108 16177486 16177486 16177486 16444495 16444495 16580328 16580328 16580328 16444495 16444495 14775108 14775108 14775108 16444495 16444495 16444495 16444495 16580328 16580328 16580328 16580328 16580328 16580328 16580328 16580328 16444495 16444495 14775108 13253927 13253927 13253927 14775108 14775108 16444495 16444495 14775108 14775108 13253927 12463130 -1 -1 -1 -1 -1 -1 -1 -1 -1 
-1 -1 -1 -1 -1 -1 -1 -1 -1 12463130 13253927 14775108 16177486 16177486 16177486 16177486 16444495 16444495 16580328 16580328 16580328 16444495 16444495 14775108 14775108 14775108 14775108 14775108 14775108 16444495 16444495 16444495 16444495 16444495 16444495 16444495 16444495 16444495 14775108 14775108 13253927 13253927 13253927 14775108 14775108 14775108 14775108 14775108 14775108 13253927 12463130 -1 -1 -1 -1 -1 -1 -1 -1 -1 
-1 -1 -1 -1 -1 -1 -1 -1 -1 12463130 12463130 13253927 13253927 14775108 16177486 16177486 16177486 16444495 16444495 16580328 16580328 16580328 16580328 16444495 14775108 14775108 14775108 14775108 14775108 14775108 14775108 16444495 16444495 16444495 16444495 16444495 16444495 14775108 14775108 13253927 13253927 13253927 13253927 13253927 14775108 14775108 14775108 13253927 13253927 13253927 12463130 -1 -1 -1 -1 -1 -1 -1 -1 -1 
-1 -1 -1 -1 -1 -1 -1 -1 -1 -1 -1 12463130 13253927 14775108 14775108 14775108 14775108 16444495 16444495 16580328 16580328 16580328 16580328 16444495 16444495 16444495 14775108 14775108 13253927 13253927 14775108 14775108 14775108 16444495 16177486 16444495 16444495 14775108 13253927 13253927 13253927 12463130 12463130 13253927 13253927 13253927 13253927 12463130 12463130 12463130 12463130 -1 -1 -1 -1 -1 -1 -1 -1 -1 
-1 -1 -1 -1 -1 -1 -1 -1 -1 -1 -1 12463130 12463130 12463130 12463130 13253927 14775108 14775108 16444495 16444495 16444495 16580328 16580328 16444495 16444495 14775108 13253927 13253927 13253927 13253927 13253927 13253927 14775108 14775108 16177486 16177486 16177486 14775108 13253927 12463130 12463130 -1 -1 13253927 12463130 12463130 12463130 12463130 12463130 -1 -1 -1 -1 -1 -1 -1 -1 -1 -1 -1 
-1 -1 -1 -1 -1 -1 -1 -1 -1 -1 -1 -1 -1 12463130 12463130 12463130 12463130 14775108 14775108 14775108 16444495 16444495 16444495 16444495 14775108 13253927 13253927 13253927 12463130 12463130 12463130 12463130 12463130 14775108 14775108 14775108 14775108 12463130 12463130 12463130 -1 -1 -1 -1 -1 -1 -1 -1 -1 -1 -1 -1 -1 -1 -1 -1 -1 -1 -1 -1 
-1 -1 -1 -1 -1 -1 -1 -1 -1 -1 -1 -1 -1 -1 -1 -1 12463130 12463130 14775108 14775108 14775108 14775108 14775108 14775108 16177486 12463130 12463130 12463130 12463130 12463130 -1 -1 12463130 12463130 13253927 12463130 12463130 12463130 12463130 -1 -1 -1 -1 -1 -1 -1 -1 -1 -1 -1 -1 -1 -1 -1 -1 -1 -1 -1 -1 -1 
-1 -1 -1 -1 -1 -1 -1 -1 -1 -1 -1 -1 -1 -1 -1 -1 -1 -1 12463130 12463130 12463130 12463130 12463130 12463130 12463130 12463130 -1 -1 -1 -1 -1 -1 -1 -1 12463130 12463130 12463130 12463130 -1 -1 -1 -1 -1 -1 -1 -1 -1 -1 -1 -1 -1 -1 -1 -1 -1 -1 -1 -1 -1 -1 
-1 -1 -1 -1 -1 -1 -1 -1 -1 -1 -1 -1 -1 -1 -1 -1 -1 -1 -1 -1 -1 -1 -1 -1 -1 -1 -1 -1 -1 -1 -1 -1 -1 -1 -1 -1 -1 -1 -1 -1 -1 -1 -1 -1 -1 -1 -1 -1 -1 -1 -1 -1 -1 -1 -1 -1 -1 -1 -1 -1 
-1 -1 -1 -1 -1 -1 -1 -1 -1 -1 -1 -1 -1 -1 -1 -1 -1 -1 -1 -1 -1 -1 -1 -1 -1 -1 -1 -1 -1 -1 -1 -1 -1 -1 -1 -1 -1 -1 -1 -1 -1 -1 -1 -1 -1 -1 -1 -1 -1 -1 -1 -1 -1 -1 -1 -1 -1 -1 -1 -1 
-1 -1 -1 -1 -1 -1 -1 -1 -1 -1 -1 -1 -1 -1 -1 -1 -1 -1 -1 -1 -1 -1 -1 -1 -1 -1 -1 -1 -1 -1 -1 -1 -1 -1 -1 -1 -1 -1 -1 -1 -1 -1 -1 -1 -1 -1 -1 -1 -1 -1 -1 -1 -1 -1 -1 -1 -1 -1 -1 -1 
-1 -1 -1 -1 -1 -1 -1 -1 -1 -1 -1 -1 -1 -1 -1 -1 -1 -1 -1 -1 -1 -1 -1 -1 -1 -1 -1 -1 -1 -1 -1 -1 -1 -1 -1 -1 -1 -1 -1 -1 -1 -1 -1 -1 -1 -1 -1 -1 -1 -1 -1 -1 -1 -1 -1 -1 -1 -1 -1 -1 
-1 -1 -1 -1 -1 -1 -1 -1 -1 -1 -1 -1 -1 -1 -1 -1 -1 -1 -1 -1 -1 -1 -1 -1 -1 -1 -1 -1 -1 -1 -1 -1 -1 -1 -1 -1 -1 -1 -1 -1 -1 -1 -1 -1 -1 -1 -1 -1 -1 -1 -1 -1 -1 -1 -1 -1 -1 -1 -1 -1 
-1 -1 -1 -1 -1 -1 -1 -1 -1 -1 -1 -1 -1 -1 -1 -1 -1 -1 -1 -1 -1 -1 -1 -1 -1 -1 -1 -1 -1 -1 -1 -1 -1 -1 -1 -1 -1 -1 -1 -1 -1 -1 -1 -1 -1 -1 -1 -1 -1 -1 -1 -1 -1 -1 -1 -1 -1 -1 -1 -1 
