-1 -1 -1 -1 -1 -1 -1 -1 -1 -1 -1 -1 -1 -1 -1 -1 -1 -1 -1 -1 -1 -1 -1 -1 -1 -1 -1 -1 -1 -1 -1 -1 -1 -1 -1 -1 -1 -1 -1 -1 -1 -1 -1 -1 -1 -1 -1 -1 -1 -1 -1 -1 -1 -1 -1 -1 -1 -1 -1 -1 
-1 -1 -1 -1 -1 -1 -1 -1 -1 -1 -1 -1 -1 -1 -1 -1 -1 -1 -1 -1 -1 -1 -1 -1 -1 -1 -1 -1 -1 -1 -1 -1 -1 -1 -1 -1 -1 -1 -1 -1 -1 -1 -1 -1 -1 -1 -1 -1 -1 -1 -1 -1 -1 -1 -1 -1 -1 -1 -1 -1 
-1 -1 -1 -1 -1 -1 -1 -1 -1 -1 -1 -1 -1 -1 -1 -1 -1 -1 -1 -1 -1 -1 -1 -1 -1 -1 -1 -1 -1 -1 -1 -1 -1 -1 -1 -1 -1 -1 -1 -1 -1 -1 -1 -1 -1 -1 -1 -1 -1 -1 -1 -1 -1 -1 -1 -1 -1 -1 -1 -1 
-1 -1 -1 -1 -1 -1 -1 -1 -1 -1 -1 -1 -1 -1 -1 -1 -1 -1 -1 -1 -1 -1 -1 -1 -1 -1 -1 -1 -1 -1 -1 -1 -1 -1 -1 -1 -1 -1 -1 -1 -1 -1 -1 -1 -1 -1 -1 -1 -1 -1 -1 -1 -1 -1 -1 -1 -1 -1 -1 -1 
-1 -1 -1 -1 -1 -1 -1 -1 -1 -1 -1 -1 -1 -1 -1 -1 -1 -1 -1 -1 -1 -1 -1 -1 -1 -1 -1 12460315 12460315 12460315 12460315 12460315 12460315 12460315 12460315 -1 -1 -1 -1 -1 -1 -1 -1 -1 -1 -1 -1 -1 -1 -1 -1 -1 -1 -1 -1 -1 -1 -1 -1 -1 
-1 -1 -1 -1 -1 -1 -1 -1 -1 12460315 12460315 12460315 12460315 12460315 12460315 12460315 -1 -1 -1 -1 -1 -1 -1 -1 -1 -1 12460315 12460315 14046772 14046772 14046772 14046772 14046772 14046772 12460315 12460315 -1 -1 -1 -1 -1 -1 -1 -1 -1 -1 -1 -1 -1 -1 -1 -1 -1 -1 -1 -1 -1 -1 -1 -1 
-1 -1 -1 -1 -1 -1 -1 -1 12460315 12460315 14046772 14046772 14046772 14046772 14046772 12460315 12460315 12460315 -1 -1 -1 -1 -1 12460315 12460315 12460315 14046772 14046772 14046772 14046772 14046772 14046772 14046772 14046772 14046772 14046772 12460315 -1 -1 -1 -1 -1 -1 -1 -1 12460315 12460315 12460315 12460315 -1 -1 -1 -1 -1 -1 -1 -1 -1 -1 -1 
-1 -1 -1 -1 -1 -1 -1 -1 12460315 14046772 14046772 15573055 15573055 14046772 14046772 14046772 12460315 12460315 12460315 12460315 -1 12460315 12460315 14046772 14046772 14046772 14046772 15573055 15573055 14046772 15573055 15573055 15573055 15573055 14046772 14046772 12460315 12460315 -1 12460315 12460315 12460315 12460315 12460315 -1 12460315 12460315 12460315 12460315 12460315 12460315 12460315 -1 -1 -1 -1 -1 -1 -1 -1 
-1 -1 -1 -1 -1 -1 -1 12460315 12460315 14046772 14046772 15573055 16313934 14046772 14046772 14046772 14046772 12460315 12460315 12460315 12460315 12460315 12460315 14046772 14046772 14046772 15573055 15573055 15573055 14046772 15573055 15573055 15573055 15573055 15573055 15573055 15573055 14046772 12460315 12460315 14046772 15573055 15573055 12460315 12460315 12460315 14046772 14046772 12460315 12460315 12460315 12460315 -1 -1 -1 -1 -1 -1 -1 -1 
-1 -1 -1 -1 -1 -1 -1 12460315 12460315 14046772 14046772 15573055 16313934 16313934 16313934 15573055 15573055 15573055 14046772 14046772 14046772 14046772 14046772 14046772 14046772 15573055 15573055 15573055 14046772 14046772 14046772 15573055 14046772 14046772 14046772 14046772 15573055 15573055 14046772 14046772 12460315 14046772 14046772 14046772 14046772 14046772 14046772 14046772 12460315 12460315 12460315 12460315 -1 -1 -1 -1 -1 -1 -1 -1 
-1 -1 -1 -1 -1 -1 -1 12460315 12460315 14046772 14046772 16313934 16313934 16313934 16313934 16313934 15573055 15573055 15573055 15573055 15573055 14046772 14046772 14046772 15573055 15573055 15573055 14046772 14046772 14046772 14046772 14046772 14046772 14046772 14046772 15573055 15573055 15573055 15573055 14046772 14046772 14046772 15573055 15573055 15573055 15573055 14046772 14046772 14046772 14046772 12460315 12460315 12460315 12460315 -1 -1 -1 -1 -1 -1 
-1 -1 -1 -1 -1 -1 -1 12460315 12460315 15573055 15573055 16313934 16313934 16313934 16313934 16313934 16313934 15573055 15573055 15573055 14046772 14046772 14046772 14046772 14046772 14046772 14046772 14046772 16313934 16313934 16313934 15573055 14046772 14046772 14046772 14046772 14046772 15573055 15573055 15573055 14046772 14046772 14046772 14046772 14046772 14046772 14046772 15573055 14046772 14046772 14046772 12460315 12460315 12460315 -1 -1 -1 -1 -1 -1 
-1 -1 -1 -1 -1 -1 -1 12460315 12460315 15573055 16313934 16313934 16313934 16514279 16313934 16313934 16313934 15573055 15573055 -1 15573055 15573055 14046772 14046772 14046772 14046772 14046772 16313934 16313934 16313934 16313934 16313934 14046772 14046772 14046772 14046772 15573055 15573055 15573055 14046772 14046772 14046772 16313934 16313934 15573055 15573055 15573055 15573055 15573055 15573055 14046772 12460315 12460315 12460315 -1 -1 -1 -1 -1 -1 
-1 -1 -1 -1 -1 -1 12460315 12460315 14046772 15573055 16313934 16313934 16313934 16514279 16514279 14046772 16313934 16313934 16313934 15573055 15573055 14046772 14046772 14046772 15573055 15573055 15573055 16313934 16313934 16313934 16313934 16313934 15573055 15573055 15573055 14046772 14046772 15573055 15573055 14046772 14046772 16313934 16313934 16514279 16514279 16514279 15573055 15573055 15573055 15573055 14046772 12460315 12460315 12460315 12460315 -1 -1 -1 -1 -1 
-1 -1 -1 -1 -1 12460315 12460315 12460315 14046772 15573055 16313934 16313934 16313934 16313934 14046772 14046772 14046772 16313934 16313934 15573055 15573055 15573055 15573055 15573055 15573055 15573055 16313934 16313934 16313934 16313934 16313934 16313934 14046772 15573055 15573055 15573055 14046772 15573055 15573055 14046772 14046772 16313934 16313934 16313934 16514279 16313934 16313934 15573055 15573055 15573055 14046772 14046772 12460315 12460315 12460315 -1 -1 -1 -1 -1 
-1 -1 -1 -1 -1 12460315 12460315 12460315 15573055 14046772 16313934 16313934 14046772 14046772 14046772 14046772 16313934 16313934 16313934 16313934 16313934 15573055 15573055 15573055 16313934 16313934 16313934 16313934 16313934 16313934 16313934 16313934 16313934 14046772 14046772 14046772 14046772 14046772 14046772 14046772 14046772 16313934 16313934 16313934 16313934 16514279 16313934 15573055 15573055 15573055 14046772 14046772 12460315 12460315 12460315 -1 -1 -1 -1 -1 
-1 -1 -1 -1 -1 -1 -1 12460315 15573055 14046772 14046772 14046772 12460315 12460315 16313934 16313934 16313934 16313934 16313934 16313934 16313934 16313934 16313934 16313934 16313934 16313934 16313934 16313934 16313934 16514279 16313934 16313934 16313934 16313934 16313934 16313934 14046772 14046772 14046772 14046772 14046772 15573055 14046772 16313934 16313934 16514279 16313934 15573055 15573055 15573055 14046772 14046772 12460315 12460315 -1 -1 -1 -1 -1 -1 
-1 -1 -1 -1 -1 -1 -1 12460315 14046772 15573055 12460315 12460315 12460315 12460315 16313934 16313934 16313934 16313934 16313934 16313934 16514279 16514279 16313934 16313934 16313934 16313934 16313934 16313934 16313934 16514279 16313934 16313934 16313934 16313934 16313934 16313934 14046772 14046772 14046772 14046772 15573055 15573055 16313934 16313934 16313934 16313934 16313934 16313934 15573055 14046772 14046772 14046772 12460315 12460315 -1 -1 -1 -1 -1 -1 
-1 -1 -1 -1 -1 -1 -1 12460315 12460315 12460315 12460315 15573055 15573055 16313934 16313934 16313934 16313934 16313934 16313934 16313934 16514279 16514279 16514279 16514279 16514279 16514279 16514279 16514279 16514279 16514279 16313934 16313934 16313934 16313934 16313934 16313934 14046772 14046772 14046772 15573055 15573055 16313934 16313934 16313934 16313934 16313934 16313934 16313934 15573055 14046772 14046772 15573055 12460315 12460315 -1 -1 -1 -1 -1 -1 
-1 -1 -1 -1 -1 -1 -1 12460315 12460315 12460315 12460315 15573055 15573055 16313934 16313934 16313934 16313934 16313934 16313934 16313934 16313934 16514279 16514279 16514279 16514279 16313934 -1 16313934 16514279 16514279 16313934 16313934 16313934 15573055 16313934 14046772 14046772 15573055 15573055 15573055 16313934 16313934 16313934 16313934 16313934 16313934 16313934 16313934 15573055 14046772 14046772 12460315 12460315 -1 -1 -1 -1 -1 -1 -1 
-1 -1 -1 -1 -1 -1 -1 -1 12460315 14046772 14046772 15573055 15573055 15573055 16313934 16313934 15573055 16313934 16313934 16313934 16313934 16313934 16514279 -1 16514279 16514279 16514279 16514279 16514279 16313934 16313934 16313934 16313934 15573055 14046772 14046772 14046772 15573055 15573055 16313934 16313934 16313934 16313934 16313934 16514279 16514279 16313934 16313934 12460315 12460315 12460315 12460315 12460315 -1 -1 -1 -1 -1 -1 -1 
-1 -1 -1 -1 -1 -1 -1 -1 12460315 14046772 14046772 14046772 14046772 14046772 14046772 15573055 15573055 15573055 15573055 16313934 16313934 16313934 16514279 16514279 16514279 16514279 16514279 16313934 16313934 16313934 16313934 15573055 15573055 15573055 14046772 14046772 14046772 15573055 15573055 16313934 16313934 16313934 16313934 16313934 16313934 16514279 16514279 16313934 16313934 12460315 12460315 12460315 12460315 12460315 -1 -1 -1 -1 -1 -1 
-1 -1 -1 -1 -1 -1 -1 -1 12460315 12460315 12460315 15573055 15573055 15573055 15573055 14046772 14046772 15573055 15573055 15573055 16313934 16313934 16313934 16313934 16313934 16313934 16313934 16313934 16313934 15573055 15573055 15573055 14046772 14046772 14046772 14046772 14046772 15573055 16313934 16313934 16313934 16313934 16313934 16313934 16514279 16514279 16514279 16313934 16313934 12460315 12460315 12460315 12460315 12460315 -1 -1 -1 -1 -1 -1 
-1 -1 -1 -1 -1 -1 -1 12460315 12460315 14046772 12460315 12460315 15573055 15573055 15573055 14046772 14046772 14046772 15573055 15573055 16313934 14046772 16313934 15573055 15573055 16313934 16313934 16313934 16313934 15573055 14046772 14046772 14046772 14046772 14046772 16313934 15573055 15573055 16313934 16313934 16313934 16313934 16514279 16514279 16514279 16514279 16313934 16313934 16313934 16313934 12460315 12460315 12460315 -1 -1 -1 -1 -1 -1 -1 
-1 -1 -1 -1 -1 -1 -1 12460315 12460315 12460315 12460315 12460315 15573055 15573055 15573055 14046772 14046772 14046772 14046772 15573055 15573055 14046772 14046772 15573055 15573055 15573055 16313934 16313934 16313934 15573055 15573055 14046772 14046772 15573055 15573055 15573055 16313934 16313934 16313934 16313934 16313934 16514279 16514279 16514279 16514279 16313934 16313934 16313934 16313934 16313934 16313934 12460315 -1 -1 -1 -1 -1 -1 -1 -1 
-1 -1 -1 -1 -1 -1 -1 12460315 12460315 14046772 15573055 15573055 14046772 14046772 15573055 15573055 15573055 14046772 14046772 14046772 15573055 15573055 14046772 14046772 14046772 15573055 15573055 16313934 15573055 15573055 14046772 14046772 15573055 15573055 16313934 16313934 16313934 16313934 16313934 16313934 16313934 16313934 16313934 16313934 16313934 16313934 16313934 16313934 16313934 16313934 16313934 12460315 -1 -1 -1 -1 -1 -1 -1 -1 
-1 -1 -1 -1 -1 -1 -1 12460315 14046772 14046772 15573055 15573055 15573055 14046772 14046772 15573055 15573055 15573055 15573055 15573055 14046772 14046772 15573055 14046772 14046772 14046772 15573055 15573055 15573055 15573055 14046772 15573055 15573055 16313934 16313934 16313934 16313934 16313934 16313934 16313934 16313934 16313934 16313934 16313934 16313934 16313934 16313934 16313934 16313934 16313934 16313934 12460315 12460315 -1 -1 -1 -1 -1 -1 -1 
-1 -1 -1 -1 -1 -1 -1 12460315 14046772 14046772 14046772 15573055 15573055 14046772 14046772 14046772 15573055 15573055 15573055 15573055 15573055 14046772 14046772 14046772 15573055 14046772 14046772 14046772 15573055 15573055 15573055 15573055 16313934 16313934 16313934 16313934 16313934 16313934 16313934 16313934 16313934 14046772 16313934 14046772 14046772 16313934 14046772 16313934 16313934 16313934 16313934 16313934 12460315 -1 -1 -1 -1 -1 -1 -1 
-1 -1 -1 -1 -1 -1 -1 12460315 12460315 14046772 14046772 15573055 15573055 14046772 14046772 14046772 14046772 14046772 14046772 14046772 14046772 14046772 14046772 14046772 14046772 14046772 15573055 15573055 15573055 15573055 15573055 15573055 14046772 16313934 15573055 15573055 15573055 16313934 16313934 14046772 14046772 14046772 14046772 14046772 14046772 14046772 14046772 16313934 12460315 12460315 12460315 12460315 12460315 -1 -1 -1 -1 -1 -1 -1 
-1 -1 -1 -1 -1 -1 -1 12460315 12460315 15573055 15573055 15573055 15573055 14046772 14046772 14046772 15573055 15573055 16313934 16313934 16313934 16313934 16313934 15573055 15573055 15573055 15573055 15573055 15573055 15573055 15573055 15573055 14046772 15573055 15573055 16313934 16313934 14046772 14046772 14046772 16313934 16313934 16313934 16313934 16313934 16313934 16313934 16313934 12460315 12460315 15573055 12460315 12460315 12460315 -1 -1 -1 -1 -1 -1 
-1 -1 -1 -1 -1 -1 12460315 12460315 12460315 12460315 12460315 15573055 15573055 15573055 14046772 15573055 15573055 16313934 16313934 16313934 16313934 16313934 16313934 16313934 16313934 16313934 16313934 16313934 16313934 14046772 15573055 15573055 14046772 15573055 16313934 16313934 14046772 14046772 14046772 16313934 16313934 16313934 16313934 16313934 16313934 16313934 16313934 16313934 16313934 16313934 15573055 14046772 12460315 12460315 -1 -1 -1 -1 -1 -1 
-1 -1 -1 -1 -1 -1 12460315 12460315 12460315 12460315 12460315 12460315 12460315 15573055 15573055 15573055 16313934 16313934 16313934 16313934 16514279 16313934 16313934 16313934 16313934 16313934 16313934 16313934 14046772 14046772 15573055 15573055 14046772 15573055 14046772 14046772 14046772 16313934 16313934 16313934 16313934 16313934 16313934 16313934 16514279 16313934 16313934 16313934 16313934 15573055 14046772 14046772 12460315 12460315 -1 -1 -1 -1 -1 -1 
-1 -1 -1 -1 -1 12460315 12460315 12460315 12460315 15573055 15573055 12460315 12460315 12460315 15573055 16313934 16313934 16313934 16313934 16313934 16514279 16514279 16514279 16313934 16313934 16313934 16313934 14046772 14046772 15573055 15573055 14046772 14046772 14046772 14046772 14046772 14046772 16313934 16313934 16313934 16313934 16313934 16313934 16514279 16514279 16313934 15573055 15573055 15573055 15573055 14046772 14046772 12460315 12460315 -1 -1 -1 -1 -1 -1 
-1 -1 -1 -1 -1 12460315 12460315 12460315 12460315 15573055 15573055 15573055 15573055 12460315 12460315 16514279 16514279 16313934 16313934 16313934 16313934 16514279 16313934 16313934 16313934 16313934 16313934 14046772 14046772 15573055 15573055 14046772 14046772 14046772 15573055 15573055 16313934 16313934 16313934 16313934 16313934 16514279 16514279 16514279 16514279 16313934 16313934 16313934 15573055 15573055 14046772 12460315 12460315 -1 -1 -1 -1 -1 -1 -1 
-1 -1 -1 -1 -1 -1 12460315 12460315 12460315 15573055 15573055 15573055 15573055 15573055 16313934 16313934 16514279 16514279 16514279 16514279 16313934 16313934 16313934 16313934 16313934 14046772 14046772 14046772 14046772 15573055 15573055 14046772 14046772 14046772 14046772 15573055 16313934 16313934 16313934 16313934 16514279 -1 16313934 16514279 16313934 16313934 16313934 16313934 12460315 12460315 12460315 12460315 12460315 -1 -1 -1 -1 -1 -1 -1 
-1 -1 -1 -1 -1 -1 -1 12460315 12460315 15573055 15573055 15573055 15573055 15573055 16313934 16313934 16313934 16313934 16313934 16313934 16313934 16313934 16313934 16313934 16313934 16313934 14046772 14046772 14046772 14046772 15573055 14046772 14046772 14046772 14046772 15573055 15573055 16313934 16313934 16514279 16514279 16514279 16514279 16514279 16313934 16313934 16313934 15573055 15573055 14046772 14046772 12460315 -1 -1 -1 -1 -1 -1 -1 -1 
-1 -1 -1 -1 -1 -1 -1 -1 12460315 14046772 14046772 15573055 15573055 15573055 16313934 16313934 16313934 16313934 16313934 16313934 16313934 16313934 16313934 16313934 14046772 14046772 14046772 14046772 14046772 14046772 15573055 14046772 15573055 14046772 14046772 15573055 16313934 16313934 16313934 16514279 16313934 16313934 16313934 16313934 16313934 16313934 16313934 16313934 16313934 15573055 14046772 12460315 -1 -1 -1 -1 -1 -1 -1 -1 
-1 -1 -1 -1 -1 -1 -1 -1 12460315 15573055 14046772 15573055 15573055 15573055 15573055 15573055 14046772 16313934 16313934 16313934 14046772 14046772 16313934 14046772 14046772 16313934 16313934 16313934 16313934 14046772 14046772 14046772 15573055 15573055 15573055 14046772 15573055 15573055 16313934 16313934 16313934 16313934 16313934 16313934 16313934 16313934 16313934 16313934 15573055 15573055 14046772 12460315 -1 -1 -1 -1 -1 -1 -1 -1 
-1 -1 -1 -1 -1 -1 -1 -1 12460315 12460315 14046772 14046772 14046772 14046772 14046772 14046772 14046772 14046772 14046772 14046772 14046772 14046772 14046772 14046772 14046772 16313934 16313934 16313934 16313934 16313934 16313934 14046772 14046772 15573055 15573055 14046772 14046772 16313934 16313934 16313934 16313934 16313934 16313934 16313934 16313934 14046772 14046772 15573055 15573055 15573055 14046772 12460315 12460315 -1 -1 -1 -1 -1 -1 -1 
-1 -1 -1 -1 -1 -1 -1 -1 -1 12460315 12460315 12460315 14046772 14046772 14046772 14046772 14046772 14046772 15573055 14046772 14046772 16313934 16313934 16313934 16313934 16313934 16313934 16313934 16313934 16514279 16313934 16313934 16313934 14046772 15573055 15573055 16313934 16313934 16313934 16313934 16313934 16313934 16313934 16313934 14046772 14046772 15573055 15573055 15573055 14046772 14046772 14046772 12460315 -1 -1 -1 -1 -1 -1 -1 
-1 -1 -1 -1 -1 -1 -1 -1 -1 12460315 12460315 12460315 12460315 14046772 15573055 15573055 14046772 14046772 14046772 14046772 15573055 15573055 16313934 16313934 16313934 16313934 16313934 16313934 16514279 16514279 16313934 16313934 16313934 16313934 16313934 16313934 16313934 16313934 16313934 14046772 16313934 14046772 14046772 14046772 14046772 15573055 15573055 15573055 14046772 14046772 14046772 14046772 12460315 -1 -1 -1 -1 -1 -1 -1 
-1 -1 -1 -1 -1 -1 -1 -1 -1 12460315 12460315 14046772 14046772 14046772 15573055 15573055 14046772 14046772 14046772 14046772 15573055 16313934 16313934 16313934 16313934 16313934 16313934 16313934 16514279 16514279 16313934 16313934 16313934 16313934 16313934 16313934 16313934 16313934 16313934 14046772 14046772 14046772 14046772 15573055 15573055 15573055 15573055 14046772 14046772 14046772 14046772 14046772 12460315 -1 -1 -1 -1 -1 -1 -1 
-1 -1 -1 -1 -1 -1 -1 -1 12460315 12460315 14046772 14046772 15573055 15573055 15573055 16313934 14046772 14046772 15573055 15573055 16313934 16313934 16313934 16313934 16514279 16514279 16514279 16514279 16514279 16514279 16514279 16313934 16313934 16313934 16313934 16313934 16313934 14046772 14046772 14046772 15573055 15573055 15573055 15573055 15573055 15573055 14046772 14046772 14046772 14046772 14046772 14046772 12460315 12460315 -1 -1 -1 -1 -1 -1 
-1 -1 -1 -1 -1 -1 -1 12460315 12460315 14046772 14046772 15573055 15573055 15573055 16313934 16313934 14046772 14046772 15573055 16313934 16313934 16313934 16313934 16313934 16514279 16313934 16514279 16514279 16514279 16514279 16514279 16514279 16514279 16514279 16514279 16313934 16313934 15573055 15573055 15573055 15573055 15573055 15573055 15573055 15573055 15573055 15573055 14046772 14046772 15573055 15573055 14046772 14046772 12460315 12460315 -1 -1 -1 -1 -1 
-1 -1 -1 -1 -1 -1 -1 12460315 14046772 14046772 15573055 15573055 15573055 16313934 16313934 16313934 14046772 14046772 15573055 15573055 15573055 16313934 16313934 16313934 16313934 16313934 16313934 16514279 16313934 16514279 16514279 16514279 16514279 16514279 16514279 16514279 16313934 16313934 15573055 15573055 15573055 15573055 15573055 15573055 15573055 15573055 15573055 15573055 15573055 15573055 15573055 14046772 14046772 14046772 12460315 -1 -1 -1 -1 -1 
-1 -1 -1 -1 -1 -1 12460315 15573055 14046772 15573055 15573055 15573055 16313934 16514279 16313934 16313934 16313934 14046772 14046772 14046772 15573055 15573055 16313934 16313934 16313934 16313934 16313934 16514279 16514279 16514279 16313934 16313934 16313934 16313934 16313934 16313934 16313934 14046772 14046772 15573055 15573055 15573055 15573055 15573055 14046772 15573055 15573055 15573055 15573055 15573055 15573055 15573055 14046772 12460315 12460315 -1 -1 -1 -1 -1 
-1 -1 -1 -1 -1 -1 12460315 14046772 15573055 15573055 15573055 16313934 16313934 16514279 16313934 16313934 16313934 16313934 14046772 14046772 14046772 14046772 16313934 16313934 16313934 16313934 16313934 16313934 16313934 16313934 16313934 16313934 16313934 16313934 16313934 16313934 14046772 14046772 14046772 14046772 14046772 14046772 14046772 14046772 14046772 15573055 15573055 15573055 15573055 15573055 14046772 14046772 14046772 12460315 -1 -1 -1 -1 -1 -1 
-1 -1 -1 -1 -1 -1 12460315 14046772 15573055 15573055 15573055 16313934 16313934 16514279 16514279 16313934 16313934 16313934 16313934 16313934 16313934 14046772 14046772 14046772 14046772 14046772 16313934 16313934 16313934 16313934 16313934 16313934 16313934 16313934 16313934 14046772 14046772 15573055 15573055 12460315 12460315 14046772 14046772 14046772 14046772 15573055 14046772 14046772 14046772 14046772 14046772 12460315 12460315 12460315 -1 -1 -1 -1 -1 -1 
-1 -1 -1 -1 -1 -1 12460315 12460315 15573055 15573055 15573055 15573055 16313934 16313934 16514279 16514279 16514279 16313934 16313934 16313934 16313934 16313934 16313934 14046772 14046772 16313934 16313934 16313934 16313934 16313934 16313934 16313934 16313934 16313934 14046772 14046772 15573055 15573055 15573055 12460315 12460315 14046772 15573055 15573055 15573055 15573055 15573055 15573055 14046772 14046772 12460315 12460315 -1 -1 -1 -1 -1 -1 -1 -1 
-1 -1 -1 -1 -1 -1 -1 12460315 14046772 15573055 15573055 15573055 15573055 16313934 16313934 16313934 16514279 16313934 16313934 16313934 16313934 16313934 14046772 16313934 16313934 16313934 14046772 14046772 12460315 12460315 16313934 16313934 15573055 15573055 15573055 15573055 15573055 15573055 15573055 12460315 12460315 14046772 14046772 15573055 15573055 15573055 14046772 14046772 14046772 14046772 12460315 -1 -1 -1 -1 -1 -1 -1 -1 -1 
-1 -1 -1 -1 -1 -1 -1 12460315 12460315 15573055 14046772 14046772 14046772 15573055 15573055 16313934 16313934 16313934 16313934 16313934 16313934 16313934 14046772 16313934 16313934 16313934 14046772 14046772 12460315 12460315 12460315 16313934 16313934 15573055 15573055 15573055 15573055 15573055 12460315 12460315 12460315 12460315 14046772 14046772 14046772 14046772 14046772 14046772 15573055 12460315 12460315 -1 -1 -1 -1 -1 -1 -1 -1 -1 
-1 -1 -1 -1 -1 -1 -1 -1 -1 12460315 12460315 12460315 14046772 14046772 14046772 14046772 14046772 14046772 14046772 14046772 14046772 14046772 14046772 14046772 14046772 14046772 14046772 15573055 12460315 12460315 12460315 12460315 14046772 14046772 14046772 15573055 15573055 12460315 12460315 12460315 12460315 12460315 12460315 12460315 12460315 12460315 12460315 12460315 12460315 12460315 -1 -1 -1 -1 -1 -1 -1 -1 -1 -1 
-1 -1 -1 -1 -1 -1 -1 -1 -1 -1 -1 12460315 12460315 12460315 15573055 15573055 12460315 12460315 12460315 12460315 15573055 15573055 14046772 14046772 14046772 15573055 15573055 15573055 12460315 12460315 12460315 12460315 12460315 15573055 14046772 14046772 14046772 12460315 -1 -1 12460315 12460315 12460315 12460315 -1 -1 -1 -1 -1 -1 -1 -1 -1 -1 -1 -1 -1 -1 -1 -1 
-1 -1 -1 -1 -1 -1 -1 -1 -1 -1 -1 -1 -1 12460315 12460315 12460315 12460315 -1 -1 12460315 12460315 15573055 15573055 12460315 12460315 12460315 12460315 12460315 -1 -1 12460315 12460315 12460315 12460315 12460315 12460315 12460315 12460315 -1 -1 -1 -1 -1 -1 -1 -1 -1 -1 -1 -1 -1 -1 -1 -1 -1 -1 -1 -1 -1 -1 
-1 -1 -1 -1 -1 -1 -1 -1 -1 -1 -1 -1 -1 -1 -1 -1 -1 -1 -1 -1 -1 12460315 12460315 12460315 -1 -1 -1 -1 -1 -1 -1 12460315 12460315 12460315 -1 -1 -1 -1 -1 -1 -1 -1 -1 -1 -1 -1 -1 -1 -1 -1 -1 -1 -1 -1 -1 -1 -1 -1 -1 -1 
-1 -1 -1 -1 -1 -1 -1 -1 -1 -1 -1 -1 -1 -1 -1 -1 -1 -1 -1 -1 -1 -1 -1 -1 -1 -1 -1 -1 -1 -1 -1 -1 -1 -1 -1 -1 -1 -1 -1 -1 -1 -1 -1 -1 -1 -1 -1 -1 -1 -1 -1 -1 -1 -1 -1 -1 -1 -1 -1 -1 
-1 -1 -1 -1 -1 -1 -1 -1 -1 -1 -1 -1 -1 -1 -1 -1 -1 -1 -1 -1 -1 -1 -1 -1 -1 -1 -1 -1 -1 -1 -1 -1 -1 -1 -1 -1 -1 -1 -1 -1 -1 -1 -1 -1 -1 -1 -1 -1 -1 -1 -1 -1 -1 -1 -1 -1 -1 -1 -1 -1 
-1 -1 -1 -1 -1 -1 -1 -1 -1 -1 -1 -1 -1 -1 -1 -1 -1 -1 -1 -1 -1 -1 -1 -1 -1 -1 -1 -1 -1 -1 -1 -1 -1 -1 -1 -1 -1 -1 -1 -1 -1 -1 -1 -1 -1 -1 -1 -1 -1 -1 -1 -1 -1 -1 -1 -1 -1 -1 -1 -1 
-1 -1 -1 -1 -1 -1 -1 -1 -1 -1 -1 -1 -1 -1 -1 -1 -1 -1 -1 -1 -1 -1 -1 -1 -1 -1 -1 -1 -1 -1 -1 -1 -1 -1 -1 -1 -1 -1 -1 -1 -1 -1 -1 -1 -1 -1 -1 -1 -1 -1 -1 -1 -1 -1 -1 -1 -1 -1 -1 -1 
-1 -1 -1 -1 -1 -1 -1 -1 -1 -1 -1 -1 -1 -1 -1 -1 -1 -1 -1 -1 -1 -1 -1 -1 -1 -1 -1 -1 -1 -1 -1 -1 -1 -1 -1 -1 -1 -1 -1 -1 -1 -1 -1 -1 -1 -1 -1 -1 -1 -1 -1 -1 -1 -1 -1 -1 -1 -1 -1 -1 
