-1 -1 -1 -1 -1 -1 -1 -1 -1 -1 -1 -1 -1 -1 -1 -1 -1 -1 -1 -1 -1 -1 -1 -1 -1 -1 -1 -1 -1 -1 -1 -1 -1 -1 -1 -1 -1 -1 -1 -1 -1 -1 -1 -1 -1 -1 -1 -1 -1 -1 -1 -1 -1 -1 -1 -1 -1 -1 -1 -1 
-1 -1 -1 -1 -1 -1 -1 -1 -1 -1 -1 -1 -1 -1 -1 -1 -1 -1 -1 -1 -1 -1 -1 -1 -1 -1 -1 -1 -1 -1 -1 -1 -1 -1 -1 -1 -1 -1 -1 -1 -1 -1 -1 -1 -1 -1 -1 -1 -1 -1 -1 -1 -1 -1 -1 -1 -1 -1 -1 -1 
-1 -1 -1 -1 -1 -1 -1 -1 -1 -1 -1 -1 -1 -1 -1 -1 -1 -1 -1 -1 -1 -1 -1 -1 -1 -1 -1 -1 -1 -1 -1 -1 -1 -1 -1 -1 -1 -1 -1 -1 -1 -1 -1 -1 -1 -1 -1 -1 -1 -1 -1 -1 -1 -1 -1 -1 -1 -1 -1 -1 
-1 -1 -1 -1 -1 -1 -1 -1 -1 -1 -1 -1 -1 -1 -1 -1 -1 -1 -1 -1 -1 -1 -1 -1 -1 -1 -1 -1 -1 -1 -1 -1 -1 -1 -1 -1 -1 -1 -1 -1 -1 -1 -1 -1 -1 -1 -1 -1 -1 -1 -1 -1 -1 -1 -1 -1 -1 -1 -1 -1 
-1 -1 -1 -1 -1 -1 -1 -1 -1 -1 -1 -1 -1 -1 -1 -1 -1 -1 -1 -1 -1 -1 -1 -1 -1 -1 -1 -1 -1 -1 -1 -1 -1 -1 -1 -1 -1 -1 -1 -1 -1 -1 -1 -1 -1 -1 -1 -1 -1 -1 -1 -1 -1 -1 -1 -1 -1 -1 -1 -1 
-1 -1 -1 -1 -1 -1 -1 -1 -1 -1 -1 -1 -1 -1 -1 -1 -1 -1 -1 -1 -1 -1 -1 -1 -1 -1 -1 -1 -1 -1 -1 -1 -1 -1 -1 -1 -1 -1 -1 -1 -1 -1 -1 -1 -1 -1 -1 -1 -1 -1 -1 -1 -1 -1 -1 -1 -1 -1 -1 -1 
-1 -1 -1 -1 -1 -1 -1 -1 -1 -1 -1 -1 -1 -1 -1 -1 -1 -1 -1 -1 -1 -1 -1 -1 -1 -1 -1 -1 -1 -1 -1 -1 -1 -1 -1 -1 -1 -1 -1 -1 -1 -1 -1 -1 -1 -1 -1 -1 -1 -1 -1 -1 -1 -1 -1 -1 -1 -1 -1 -1 
-1 -1 -1 -1 -1 -1 -1 -1 -1 -1 -1 -1 -1 -1 -1 -1 -1 -1 -1 -1 -1 -1 -1 -1 -1 -1 -1 -1 -1 -1 -1 -1 -1 -1 -1 -1 -1 -1 -1 -1 -1 -1 -1 -1 -1 -1 -1 -1 -1 -1 -1 -1 -1 -1 -1 -1 -1 -1 -1 -1 
-1 -1 -1 -1 -1 -1 -1 -1 -1 -1 -1 -1 -1 -1 -1 -1 -1 -1 -1 -1 -1 -1 -1 -1 -1 -1 -1 -1 -1 -1 -1 -1 -1 -1 -1 -1 -1 -1 -1 -1 -1 -1 -1 -1 -1 -1 -1 -1 -1 -1 -1 -1 -1 -1 -1 -1 -1 -1 -1 -1 
-1 -1 -1 -1 -1 -1 -1 -1 -1 -1 -1 -1 -1 -1 -1 -1 -1 -1 -1 -1 -1 -1 -1 -1 -1 -1 -1 -1 -1 -1 -1 -1 -1 -1 -1 -1 -1 -1 -1 -1 -1 -1 -1 -1 -1 -1 -1 -1 -1 -1 -1 -1 -1 -1 -1 -1 -1 -1 -1 -1 
-1 -1 -1 -1 -1 -1 -1 -1 -1 -1 -1 -1 -1 -1 -1 -1 -1 -1 -1 -1 -1 -1 -1 -1 -1 -1 -1 -1 -1 -1 -1 -1 -1 -1 -1 -1 -1 -1 -1 -1 -1 -1 -1 -1 -1 -1 -1 -1 -1 -1 -1 -1 -1 -1 -1 -1 -1 -1 -1 -1 
-1 -1 -1 -1 -1 -1 -1 -1 -1 -1 -1 -1 -1 -1 -1 -1 -1 -1 -1 -1 -1 -1 -1 -1 -1 -1 -1 -1 -1 -1 -1 -1 -1 -1 -1 -1 -1 -1 -1 -1 -1 -1 -1 -1 -1 -1 -1 -1 -1 -1 -1 -1 -1 -1 -1 -1 -1 -1 -1 -1 
-1 -1 -1 -1 -1 -1 -1 -1 -1 -1 -1 -1 -1 -1 -1 -1 -1 -1 -1 -1 -1 -1 -1 -1 -1 -1 -1 -1 -1 -1 -1 -1 -1 -1 -1 -1 -1 -1 -1 -1 -1 -1 -1 -1 -1 -1 -1 -1 -1 -1 -1 -1 -1 -1 -1 -1 -1 -1 -1 -1 
-1 -1 -1 -1 -1 -1 -1 -1 -1 -1 -1 -1 -1 -1 -1 -1 -1 -1 -1 -1 -1 -1 -1 -1 -1 -1 -1 -1 -1 -1 -1 -1 -1 -1 -1 -1 -1 -1 -1 -1 -1 -1 -1 -1 -1 -1 -1 -1 -1 -1 -1 -1 -1 -1 -1 -1 -1 -1 -1 -1 
-1 -1 -1 -1 -1 -1 -1 -1 -1 -1 -1 -1 -1 -1 -1 -1 -1 -1 -1 -1 -1 -1 -1 -1 -1 -1 -1 -1 -1 -1 -1 -1 -1 -1 -1 -1 -1 -1 -1 -1 -1 -1 -1 -1 -1 -1 -1 -1 -1 -1 -1 -1 -1 -1 -1 -1 -1 -1 -1 -1 
-1 -1 -1 -1 -1 -1 -1 -1 -1 -1 -1 -1 -1 -1 -1 -1 -1 -1 -1 -1 -1 -1 -1 -1 -1 -1 -1 -1 -1 -1 -1 -1 -1 -1 -1 -1 -1 -1 -1 -1 -1 -1 -1 -1 -1 -1 -1 -1 -1 -1 -1 -1 -1 -1 -1 -1 -1 -1 -1 -1 
-1 -1 -1 -1 -1 -1 -1 -1 -1 -1 -1 -1 -1 -1 -1 -1 -1 -1 -1 -1 -1 -1 -1 -1 -1 -1 -1 -1 -1 -1 -1 -1 -1 -1 -1 -1 -1 -1 -1 -1 -1 -1 -1 -1 -1 -1 -1 -1 -1 -1 -1 -1 -1 -1 -1 -1 -1 -1 -1 -1 
-1 -1 -1 -1 -1 -1 -1 -1 -1 -1 -1 -1 -1 -1 -1 -1 -1 -1 -1 -1 -1 -1 -1 -1 -1 -1 -1 -1 -1 -1 -1 -1 -1 -1 -1 -1 -1 -1 -1 -1 -1 -1 -1 -1 -1 -1 -1 -1 -1 -1 -1 -1 -1 -1 -1 -1 -1 -1 -1 -1 
-1 -1 -1 -1 -1 -1 -1 -1 -1 -1 -1 -1 -1 -1 -1 -1 -1 -1 -1 -1 -1 -1 -1 -1 -1 -1 -1 -1 -1 -1 -1 -1 -1 -1 -1 -1 -1 -1 -1 -1 -1 -1 -1 -1 -1 -1 -1 -1 -1 -1 -1 -1 -1 -1 -1 -1 -1 -1 -1 -1 
-1 -1 -1 -1 -1 -1 -1 -1 -1 -1 -1 -1 -1 -1 -1 -1 -1 -1 -1 -1 -1 -1 -1 -1 -1 -1 -1 -1 -1 -1 -1 -1 -1 -1 -1 -1 -1 -1 -1 -1 -1 -1 -1 -1 -1 -1 -1 -1 -1 -1 -1 -1 -1 -1 -1 -1 -1 -1 -1 -1 
-1 -1 -1 -1 -1 -1 -1 -1 -1 -1 -1 -1 -1 -1 -1 -1 -1 -1 -1 -1 -1 -1 -1 -1 -1 -1 -1 -1 2499160 2499160 2499160 2499160 -1 -1 -1 -1 -1 -1 -1 -1 -1 -1 -1 -1 -1 -1 -1 -1 -1 -1 -1 -1 -1 -1 -1 -1 -1 -1 -1 -1 
-1 -1 -1 -1 -1 -1 -1 -1 -1 -1 -1 -1 -1 -1 -1 -1 -1 -1 -1 -1 -1 -1 -1 -1 -1 -1 2499160 2499160 2499160 2499160 2499160 2499160 2499160 2499160 -1 -1 -1 -1 -1 -1 -1 -1 -1 -1 -1 -1 -1 -1 -1 -1 -1 -1 -1 -1 -1 -1 -1 -1 -1 -1 
-1 -1 -1 -1 -1 -1 -1 -1 -1 -1 -1 -1 -1 -1 -1 -1 -1 -1 -1 -1 -1 -1 -1 -1 -1 1443634 2499160 2499160 4144760 4144760 6052496 6052496 2499160 2499160 1443634 -1 -1 -1 -1 -1 -1 -1 -1 -1 -1 -1 -1 -1 -1 -1 -1 -1 -1 -1 -1 -1 -1 -1 -1 -1 
-1 -1 -1 -1 -1 -1 -1 -1 -1 -1 -1 -1 -1 -1 -1 -1 -1 -1 -1 -1 -1 -1 -1 -1 1443634 1443634 2499160 4144760 4144760 12171204 7763375 6052496 4144760 2499160 1443634 1443634 -1 -1 -1 -1 -1 -1 -1 -1 -1 -1 -1 -1 -1 -1 -1 -1 -1 -1 -1 -1 -1 -1 -1 -1 
-1 -1 -1 -1 -1 -1 -1 -1 -1 -1 -1 -1 -1 -1 -1 -1 -1 -1 -1 -1 -1 -1 2499160 2499160 1443634 1443634 2499160 4144760 6052496 12171204 12171204 7763375 4144760 2499160 1443634 1443634 2499160 2499160 -1 -1 -1 -1 -1 -1 -1 -1 -1 -1 -1 -1 -1 -1 -1 -1 -1 -1 -1 -1 -1 -1 
-1 -1 -1 -1 -1 -1 -1 -1 -1 -1 -1 -1 -1 -1 -1 -1 -1 -1 -1 -1 2499160 2499160 4144760 4144760 6052496 1443634 1443634 2499160 7698095 7698095 12171204 7763375 6052496 1443634 1443634 2038607 6052496 4144760 2499160 2499160 -1 -1 -1 -1 -1 -1 -1 -1 -1 -1 -1 -1 -1 -1 -1 -1 -1 -1 -1 -1 
-1 -1 -1 -1 -1 -1 -1 -1 -1 -1 -1 -1 -1 -1 -1 -1 -1 -1 -1 6052496 2499160 6052496 13355731 8356026 8356026 6052496 1443634 2499160 4144760 7698095 12171204 7763375 6052496 1443634 2038607 4406880 6052496 4144760 4144760 2499160 6052496 -1 -1 -1 -1 -1 -1 -1 -1 -1 -1 -1 -1 -1 -1 -1 -1 -1 -1 -1 
-1 -1 -1 -1 -1 -1 -1 -1 -1 -1 -1 -1 -1 -1 -1 -1 -1 -1 -1 6052496 2499160 6052496 8356026 10984651 10984651 6052496 1443634 2499160 4144760 4144760 12171204 7763375 2499160 1443634 2038607 6052496 6052496 6052496 4144760 2499160 6052496 -1 -1 -1 -1 -1 -1 -1 -1 -1 -1 -1 -1 -1 -1 -1 -1 -1 -1 -1 
-1 -1 -1 -1 -1 -1 -1 -1 -1 -1 -1 -1 -1 -1 -1 -1 -1 -1 6052496 3749998 2499160 4144760 6052496 4144760 7763375 6052496 1311275 2499160 4144760 7763375 6052496 4144760 2499160 1443634 2038607 6052496 4144760 6052496 2038607 2499160 3749998 6052496 -1 -1 -1 -1 -1 -1 -1 -1 -1 -1 -1 -1 -1 -1 -1 -1 -1 -1 
-1 -1 -1 -1 -1 -1 -1 -1 -1 -1 -1 -1 -1 1443634 1443634 1443634 1443634 6052496 3749998 3749998 2499160 2499160 2499160 2499160 4144760 7763375 6052496 1443634 2499160 7763375 7763375 2499160 1443634 6052496 6052496 2038607 2499160 2499160 2499160 2499160 3749998 3749998 6052496 1443634 1443634 1443634 1443634 -1 -1 -1 -1 -1 -1 -1 -1 -1 -1 -1 -1 -1 
-1 -1 -1 -1 -1 -1 -1 -1 -1 -1 -1 1974106 1974106 1974106 2434400 2434400 1443634 1973849 1973849 3749998 3749998 2302814 7829682 2499160 7829682 7829682 9141933 9141933 7829682 7829682 9141933 7829682 7829682 9141933 6052496 6052496 2499160 4013432 2302814 3749998 5592718 1973849 1973849 1443634 2434400 1709897 1974106 1974106 1974106 -1 -1 -1 -1 -1 -1 -1 -1 -1 -1 -1 
-1 -1 -1 -1 -1 -1 -1 -1 -1 -1 1974106 1974106 6182031 6182031 3092327 2434400 1443634 5312859 5312859 1973849 1973849 2302814 2302814 7829682 4013432 4013432 7829682 9141933 10984651 10984651 10984651 10984651 9141933 4013432 6052496 7829682 7829682 2302814 2302814 5592718 1973849 5312859 5312859 1443634 1709897 1709897 2434400 6182031 1974106 1974106 -1 -1 -1 -1 -1 -1 -1 -1 -1 -1 
-1 -1 -1 -1 -1 -1 -1 -1 1974106 1974106 1974106 6182031 6182031 6182031 3092327 1974106 1443634 9186446 9186446 4003927 4003927 985401 985401 2302814 7829682 7829682 7829682 7829682 9141933 10984651 9141933 9141933 7829682 7829682 4013432 7829682 2302814 985401 985401 5312859 5312859 9123982 5312859 1443634 1709897 3092327 3749998 3749998 6182031 1974106 1974106 1974106 -1 -1 -1 -1 -1 -1 -1 -1 
-1 -1 -1 -1 -1 -1 -1 1974106 1974106 6182031 6182031 3092327 3092327 3092327 3092327 1974106 1443634 11616949 11616949 9186446 9123982 4003927 985401 2302814 2302814 7829682 4013432 4013432 4013432 4013432 4013432 4013432 4013432 4013432 7829682 4013432 2302814 985401 4003927 9186446 9186446 11616949 9123982 1443634 1974106 3092327 3749998 3749998 3749998 6182031 6182031 1974106 1974106 -1 -1 -1 -1 -1 -1 -1 
-1 -1 -1 -1 -1 -1 -1 1974106 5197442 5197442 6182031 6182031 3092327 3092327 1974106 1974106 1443634 9123982 6629998 6629998 6629998 4003927 985401 985401 985401 985401 4013432 2499160 2499160 2499160 2499160 2499160 2499160 4013432 985401 985401 985401 985401 4003927 6629998 6629998 9186446 11616949 1443634 1974106 1974106 3749998 3749998 1709897 6182031 6182031 6182031 1974106 -1 -1 -1 -1 -1 -1 -1 
-1 -1 -1 -1 -1 -1 1974106 1974106 5197442 5197442 5197442 6182031 3092327 2434400 1974106 1974106 1443634 6629998 6629998 5312859 4003927 1644365 1644365 1644365 1644365 1443634 1443634 1443634 1443634 1443634 1443634 1443634 1443634 1443634 1443634 1709897 1709897 1709897 1709897 5312859 5312859 6629998 5312859 1443634 1974106 1974106 2434400 3749998 5197442 5197442 9731232 6182031 1974106 1974106 -1 -1 -1 -1 -1 -1 
-1 -1 -1 -1 -1 -1 1974106 5197442 5197442 5197442 6974370 6182031 3092327 1974106 1974106 1443634 1443634 5312859 5312859 985401 2038866 1644365 1644365 1644365 1644365 1644365 1443634 4588310 5506069 3932954 10757923 7211034 4588310 1443634 1709897 1709897 1709897 1709897 1709897 1709897 985401 4003927 5312859 1443634 1443634 1974106 1974106 3092327 9731232 5197442 5197442 6974370 6182031 1974106 -1 -1 -1 -1 -1 -1 
-1 -1 -1 -1 -1 1974106 5197442 5197442 5197442 5197442 9731232 1443634 1443634 1443634 1443634 -1 -1 -1 -1 985401 1644365 1644365 2894172 2894172 4144760 1644365 1443634 4588310 10757923 6894881 13458207 3932954 4588310 1443634 1709897 1709897 2302814 1709897 1709897 1709897 985401 -1 -1 -1 -1 1443634 1443634 1443634 1443634 9731232 6974370 6974370 6974370 1974106 1974106 -1 -1 -1 -1 -1 
-1 -1 -1 -1 -1 1974106 6974370 5197442 6974370 9731232 1443634 1443634 -1 -1 -1 -1 -1 -1 -1 985401 2038866 2894172 2894172 4737405 4737405 4144760 1443634 4588310 7211034 13458207 5506069 5506069 4588310 1443634 1709897 1709897 2302814 2302814 1709897 1709897 985401 -1 -1 -1 -1 -1 -1 -1 1443634 1443634 5197442 6974370 6974370 9731232 1974106 -1 -1 -1 -1 -1 
-1 -1 -1 -1 1974106 1974106 5197442 6974370 11381433 11381433 1443634 -1 -1 -1 -1 -1 -1 -1 -1 985401 985401 1644365 2763623 4737405 4737405 6119062 1644365 1443634 7211034 7211034 5506069 5506069 1443634 1710933 1710933 2302814 2302814 2302814 1709897 985401 985401 -1 -1 -1 -1 -1 -1 -1 -1 1443634 11381433 11381433 6974370 9731232 1974106 1974106 -1 -1 -1 -1 
-1 -1 -1 -1 1974106 9731232 5723019 1443634 11381433 11381433 -1 -1 -1 -1 -1 -1 -1 -1 -1 -1 985401 1644365 2038866 4737405 6119062 6119062 6119062 1644365 1443634 4588310 4588310 1443634 1710933 1710933 2302814 2302814 2038866 1709897 1709897 985401 -1 -1 -1 -1 -1 -1 -1 -1 -1 -1 11381433 11381433 1443634 9731232 9731232 1974106 -1 -1 -1 -1 
-1 -1 -1 -1 1974106 5723019 1443634 1443634 -1 -1 -1 -1 -1 -1 -1 -1 -1 -1 -1 -1 985401 985401 2038866 2038866 2763623 8487332 8487332 2894172 3749998 1443634 1443634 1710933 1710933 1710933 2302814 2038866 1709897 1709897 985401 985401 -1 -1 -1 -1 -1 -1 -1 -1 -1 -1 -1 -1 1443634 9731232 9731232 1974106 -1 -1 -1 -1 
-1 -1 -1 -1 1443634 1443634 1443634 -1 -1 -1 -1 -1 -1 -1 -1 -1 -1 -1 -1 -1 1116987 985401 985401 985401 2038866 8487332 8487332 8223408 4144760 3749998 1710933 1710933 1710933 2302814 2302814 2038866 985401 985401 985401 1116987 -1 -1 -1 -1 -1 -1 -1 -1 -1 -1 -1 -1 -1 1443634 1443634 1443634 -1 -1 -1 -1 
-1 -1 -1 -1 -1 -1 -1 -1 -1 -1 -1 -1 -1 -1 -1 -1 -1 -1 -1 -1 1116987 5197442 5197442 985401 985401 2038866 8223408 8223408 2762327 2894172 1710933 1710933 2302814 2302814 2038866 985401 985401 5197442 5197442 5197442 -1 -1 -1 -1 -1 -1 -1 -1 -1 -1 -1 -1 -1 -1 -1 -1 -1 -1 -1 -1 
-1 -1 -1 -1 -1 -1 -1 -1 -1 -1 -1 -1 -1 -1 -1 -1 -1 -1 -1 -1 1116987 1116987 5197442 5197442 985401 2038866 2038866 8223408 2762327 2894172 1710933 1710933 2302814 2302814 2038866 985401 5197442 5197442 1116987 1116987 -1 -1 -1 -1 -1 -1 -1 -1 -1 -1 -1 -1 -1 -1 -1 -1 -1 -1 -1 -1 
-1 -1 -1 -1 -1 -1 -1 -1 -1 -1 -1 -1 -1 -1 -1 -1 -1 -1 -1 1379897 3345222 1116987 6974370 6974370 5197442 985401 2038866 4144760 4144760 2894172 1710933 2302814 2302814 2038866 985401 5197442 5197442 6974370 1116987 3345222 1379897 -1 -1 -1 -1 -1 -1 -1 -1 -1 -1 -1 -1 -1 -1 -1 -1 -1 -1 -1 
-1 -1 -1 -1 -1 -1 -1 -1 -1 -1 -1 -1 -1 -1 -1 -1 -1 -1 -1 1379897 3345222 1116987 1116987 6974370 5197442 985401 985401 2038866 2894172 2894172 1710933 2302814 2302814 985401 656176 6974370 6974370 1116987 1116987 6957428 1379897 -1 -1 -1 -1 -1 -1 -1 -1 -1 -1 -1 -1 -1 -1 -1 -1 -1 -1 -1 
-1 -1 -1 -1 -1 -1 -1 -1 -1 -1 -1 -1 -1 -1 -1 -1 -1 -1 -1 -1 1379897 6957428 1116987 1116987 1116987 5197442 985401 2038866 2894172 2894172 1710933 2762327 2960487 985401 5197442 1116987 1116987 1116987 12293053 1379897 -1 -1 -1 -1 -1 -1 -1 -1 -1 -1 -1 -1 -1 -1 -1 -1 -1 -1 -1 -1 
-1 -1 -1 -1 -1 -1 -1 -1 -1 -1 -1 -1 -1 -1 -1 -1 -1 -1 -1 -1 -1 1379897 12293053 6957428 1379897 1116987 1116987 985401 2038866 2038866 1710933 3749998 985401 1116987 1116987 1379897 6957428 6957428 1379897 -1 -1 -1 -1 -1 -1 -1 -1 -1 -1 -1 -1 -1 -1 -1 -1 -1 -1 -1 -1 -1 
-1 -1 -1 -1 -1 -1 -1 -1 -1 -1 -1 -1 -1 -1 -1 -1 -1 -1 -1 -1 -1 -1 1379897 1379897 -1 -1 -1 656176 656176 656176 656176 656176 656176 -1 -1 -1 1379897 1379897 -1 -1 -1 -1 -1 -1 -1 -1 -1 -1 -1 -1 -1 -1 -1 -1 -1 -1 -1 -1 -1 -1 
-1 -1 -1 -1 -1 -1 -1 -1 -1 -1 -1 -1 -1 -1 -1 -1 -1 -1 -1 -1 -1 -1 -1 -1 -1 -1 -1 -1 -1 -1 -1 -1 -1 -1 -1 -1 -1 -1 -1 -1 -1 -1 -1 -1 -1 -1 -1 -1 -1 -1 -1 -1 -1 -1 -1 -1 -1 -1 -1 -1 
-1 -1 -1 -1 -1 -1 -1 -1 -1 -1 -1 -1 -1 -1 -1 -1 -1 -1 -1 -1 -1 -1 -1 -1 -1 -1 -1 -1 -1 -1 -1 -1 -1 -1 -1 -1 -1 -1 -1 -1 -1 -1 -1 -1 -1 -1 -1 -1 -1 -1 -1 -1 -1 -1 -1 -1 -1 -1 -1 -1 
-1 -1 -1 -1 -1 -1 -1 -1 -1 -1 -1 -1 -1 -1 -1 -1 -1 -1 -1 -1 -1 -1 -1 -1 -1 -1 -1 -1 -1 -1 -1 -1 -1 -1 -1 -1 -1 -1 -1 -1 -1 -1 -1 -1 -1 -1 -1 -1 -1 -1 -1 -1 -1 -1 -1 -1 -1 -1 -1 -1 
-1 -1 -1 -1 -1 -1 -1 -1 -1 -1 -1 -1 -1 -1 -1 -1 -1 -1 -1 -1 -1 -1 -1 -1 -1 -1 -1 -1 -1 -1 -1 -1 -1 -1 -1 -1 -1 -1 -1 -1 -1 -1 -1 -1 -1 -1 -1 -1 -1 -1 -1 -1 -1 -1 -1 -1 -1 -1 -1 -1 
-1 -1 -1 -1 -1 -1 -1 -1 -1 -1 -1 -1 -1 -1 -1 -1 -1 -1 -1 -1 -1 -1 -1 -1 -1 -1 -1 -1 -1 -1 -1 -1 -1 -1 -1 -1 -1 -1 -1 -1 -1 -1 -1 -1 -1 -1 -1 -1 -1 -1 -1 -1 -1 -1 -1 -1 -1 -1 -1 -1 
-1 -1 -1 -1 -1 -1 -1 -1 -1 -1 -1 -1 -1 -1 -1 -1 -1 -1 -1 -1 -1 -1 -1 -1 -1 -1 -1 -1 -1 -1 -1 -1 -1 -1 -1 -1 -1 -1 -1 -1 -1 -1 -1 -1 -1 -1 -1 -1 -1 -1 -1 -1 -1 -1 -1 -1 -1 -1 -1 -1 
-1 -1 -1 -1 -1 -1 -1 -1 -1 -1 -1 -1 -1 -1 -1 -1 -1 -1 -1 -1 -1 -1 -1 -1 -1 -1 -1 -1 -1 -1 -1 -1 -1 -1 -1 -1 -1 -1 -1 -1 -1 -1 -1 -1 -1 -1 -1 -1 -1 -1 -1 -1 -1 -1 -1 -1 -1 -1 -1 -1 
-1 -1 -1 -1 -1 -1 -1 -1 -1 -1 -1 -1 -1 -1 -1 -1 -1 -1 -1 -1 -1 -1 -1 -1 -1 -1 -1 -1 -1 -1 -1 -1 -1 -1 -1 -1 -1 -1 -1 -1 -1 -1 -1 -1 -1 -1 -1 -1 -1 -1 -1 -1 -1 -1 -1 -1 -1 -1 -1 -1 
-1 -1 -1 -1 -1 -1 -1 -1 -1 -1 -1 -1 -1 -1 -1 -1 -1 -1 -1 -1 -1 -1 -1 -1 -1 -1 -1 -1 -1 -1 -1 -1 -1 -1 -1 -1 -1 -1 -1 -1 -1 -1 -1 -1 -1 -1 -1 -1 -1 -1 -1 -1 -1 -1 -1 -1 -1 -1 -1 -1 
-1 -1 -1 -1 -1 -1 -1 -1 -1 -1 -1 -1 -1 -1 -1 -1 -1 -1 -1 -1 -1 -1 -1 -1 -1 -1 -1 -1 -1 -1 -1 -1 -1 -1 -1 -1 -1 -1 -1 -1 -1 -1 -1 -1 -1 -1 -1 -1 -1 -1 -1 -1 -1 -1 -1 -1 -1 -1 -1 -1 
