-1 -1 -1 -1 -1 -1 -1 -1 -1 -1 -1 -1 -1 -1 -1 -1 -1 -1 -1 -1 -1 -1 -1 -1 -1 -1 -1 -1 -1 -1 -1 -1 -1 -1 -1 -1 -1 -1 -1 -1 -1 -1 -1 -1 -1 -1 -1 -1 -1 -1 -1 -1 -1 -1 -1 -1 -1 -1 -1 -1 
-1 4854924 8069026 -1 -1 -1 4854924 4854924 4854924 -1 -1 -1 -1 -1 -1 -1 -1 2827059 2761011 2761267 2761010 -1 -1 -1 -1 -1 -1 -1 -1 -1 -1 -1 -1 -1 -1 -1 -1 -1 -1 -1 -1 -1 -1 -1 -1 -1 -1 -1 -1 -1 -1 -1 -1 -1 -1 -1 -1 -1 -1 -1 
4854924 -1 8069026 8069026 8069026 -1 8069026 4854924 4854924 -1 -1 -1 -1 -1 -1 -1 2761010 2761010 4091476 6458230 2442036 3880003 -1 -1 -1 -1 -1 -1 -1 -1 -1 -1 -1 -1 -1 -1 -1 -1 -1 -1 -1 -1 -1 -1 -1 -1 -1 -1 -1 -1 -1 -1 -1 -1 -1 -1 -1 -1 -1 -1 
4854924 -1 -1 -1 8069026 -1 -1 8069026 8069026 -1 -1 -1 -1 -1 -1 3879747 2442036 3960147 4224344 6788476 2442804 2761010 -1 -1 -1 -1 -1 -1 -1 -1 -1 -1 -1 -1 -1 -1 -1 -1 -1 -1 -1 -1 -1 -1 -1 -1 -1 -1 -1 -1 -1 -1 -1 -1 -1 -1 -1 -1 -1 -1 
-1 8069026 -1 14696699 14696699 -1 -1 -1 -1 -1 -1 -1 -1 -1 -1 2826546 2442804 4093014 2761010 2761010 2761010 2761010 2443317 -1 -1 -1 -1 -1 -1 -1 -1 -1 -1 -1 -1 -1 -1 -1 -1 -1 -1 -1 -1 -1 -1 -1 -1 -1 -1 -1 -1 -1 -1 -1 -1 -1 -1 -1 -1 -1 
-1 8069026 -1 -1 14696699 14696699 -1 -1 -1 -1 -1 -1 -1 -1 -1 2761010 2761010 2761010 4356186 4356186 9751469 4093014 2508341 -1 -1 -1 -1 -1 -1 -1 -1 10955806 10955806 9708054 8460044 8460044 8460044 8460044 -1 -1 -1 -1 -1 -1 -1 -1 -1 -1 -1 -1 -1 -1 -1 -1 -1 -1 -1 -1 -1 -1 
8069026 8069026 -1 -1 14696699 14696699 -1 -1 -1 -1 -1 -1 -1 -1 -1 2761522 2761010 2442804 4093014 4356186 9751469 4093014 2761266 -1 -1 -1 -1 -1 -1 10955806 10955806 13051675 15039854 11749947 8460044 10955806 8460044 8460044 8460044 8460044 8460044 -1 -1 -1 -1 -1 -1 -1 -1 -1 -1 -1 -1 -1 -1 -1 -1 -1 -1 -1 
4854924 8069026 8069026 -1 -1 -1 -1 -1 -1 -1 -1 -1 -1 -1 -1 -1 2761010 2442804 4093014 2761010 2761010 2761010 2442804 -1 -1 -1 -1 -1 9252388 10955806 10955806 8984846 11416614 9971225 8460044 8722702 10693148 10693148 10693148 8460044 8460044 9252388 -1 -1 -1 -1 -1 -1 -1 -1 -1 -1 -1 -1 -1 -1 -1 -1 -1 -1 
4854924 4854924 -1 -1 -1 -1 -1 -1 -1 -1 -1 -1 -1 -1 -1 -1 2761011 2761010 2761010 4356186 9751469 4093014 2442804 2574132 -1 -1 -1 -1 8460044 10955806 10955806 8460044 10955806 9708054 8460044 8460044 10955806 10955806 10955806 8460044 8460044 8460044 -1 -1 -1 -1 -1 -1 -1 -1 -1 -1 -1 -1 -1 -1 -1 -1 -1 -1 
4854924 -1 -1 -1 -1 -1 -1 -1 -1 -1 -1 -1 -1 -1 -1 -1 2761267 2442804 2442804 4093014 4356186 9751469 4093014 2508596 -1 -1 -1 -1 8460044 1834123 1834123 2761010 10306837 10306837 10306837 10306837 10306837 10306837 10306837 10955806 10955806 8460044 -1 -1 16250871 -1 -1 -1 -1 -1 -1 -1 -1 -1 -1 -1 -1 -1 -1 -1 
-1 -1 -1 -1 -1 -1 -1 -1 -1 -1 -1 -1 -1 -1 -1 -1 -1 2761010 2442804 4093014 4224344 6788476 4093014 2442804 -1 -1 -1 -1 1834123 1834123 1834123 2761010 16609577 16616748 16623921 16609577 16623921 16623921 16609577 10306837 10306837 10955806 8460044 8460044 -1 -1 -1 -1 -1 -1 -1 -1 -1 -1 -1 -1 -1 -1 -1 -1 
-1 -1 -1 -1 -1 -1 -1 -1 -1 -1 -1 -1 -1 -1 -1 -1 -1 2761010 2442804 4093014 4224344 6788476 4093014 2442804 -1 -1 -1 -1 1834123 2761010 2761010 16609577 16623921 13530915 10306837 16623921 16777215 16777215 16609577 16609577 16609577 10306837 8460044 8460044 -1 -1 -1 -1 -1 -1 -1 -1 -1 -1 -1 -1 -1 -1 -1 -1 
-1 -1 -1 -1 -1 -1 -1 -1 -1 -1 -1 -1 -1 -1 -1 -1 -1 2761010 2442804 4093014 4224344 6788476 4093014 2442804 2508340 -1 -1 -1 2063190 7157020 7157020 16609577 12939040 13465378 14057253 16623921 12948080 12948080 16618029 16609577 16609577 10306837 8460044 8460044 -1 -1 -1 -1 -1 -1 -1 -1 -1 -1 -1 -1 -1 -1 -1 -1 
-1 -1 -1 -1 -1 -1 -1 -1 -1 -1 -1 -1 -1 -1 -1 -1 -1 2761266 2761010 2442804 4093014 4224344 6788476 4093014 2442804 -1 -1 -1 2761010 10306837 10306837 16609577 10306837 13399843 16623921 16623921 10306837 10306837 16623921 16609577 16609577 10306837 8460044 8460044 0 0 -1 -1 -1 -1 -1 -1 -1 -1 -1 -1 -1 -1 -1 -1 
-1 -1 -1 -1 -1 -1 -1 -1 -1 -1 -1 -1 -1 -1 -1 -1 -1 -1 2761010 2442804 4093014 4224344 6788476 4093014 2442804 -1 -1 -1 2761010 2442804 2442804 10306837 16609577 16616748 16623921 10306837 16623921 16623921 16623921 16609577 16609577 10306837 0 0 4093014 0 -1 -1 -1 -1 -1 -1 -1 -1 -1 -1 -1 -1 -1 -1 
-1 -1 -1 -1 -1 -1 -1 -1 -1 -1 -1 -1 -1 -1 -1 -1 -1 -1 2826546 2442804 4093014 4224344 6788476 4093014 2442804 2574133 -1 -1 2761010 4093014 4093014 6788476 10306837 10306837 10306837 16609577 16623921 16623921 10306837 16609577 16609577 10306837 2442804 6788476 4093014 0 -1 -1 -1 -1 -1 -1 -1 -1 -1 -1 -1 -1 -1 -1 
-1 -1 -1 -1 -1 -1 -1 -1 -1 -1 -1 -1 -1 -1 -1 -1 -1 -1 2761011 2442804 4093014 4224344 6788476 6788476 2761010 2761267 -1 -1 10306837 2761010 2761010 6788476 9751469 6256240 2761010 10306837 10306837 10306837 16609577 10306837 10306837 2761010 2442804 6788476 4093014 4093014 0 -1 -1 -1 -1 -1 -1 -1 -1 -1 -1 -1 -1 -1 
-1 -1 -1 -1 -1 -1 -1 -1 -1 -1 -1 -1 -1 -1 -1 -1 -1 -1 2826802 2761010 2761010 2761010 2761010 2761010 10306837 2826546 10306837 10306837 12342300 7355178 7355178 5402211 8763805 6455412 4081739 7747868 10306837 10306837 14508578 10306837 10306837 2761010 8460044 2442804 6788476 4093014 0 -1 -1 -1 -1 -1 -1 -1 -1 -1 -1 -1 -1 -1 
-1 -1 -1 -1 -1 -1 -1 -1 -1 -1 -1 -1 -1 -1 -1 -1 -1 -1 -1 2761010 16609577 2761010 3088944 10306837 10306837 2761010 10306837 10306837 16609577 16609577 16609577 2761010 6788476 6788476 6788476 2761010 10306837 10306837 10306837 10306837 10306837 2761010 8460044 0 0 0 0 -1 -1 -1 -1 -1 -1 -1 -1 -1 -1 -1 -1 -1 
-1 -1 -1 -1 -1 -1 -1 -1 -1 -1 -1 -1 -1 -1 -1 -1 -1 -1 -1 -1 16609577 2761010 3088944 10306837 16609577 10306837 10241559 16609577 16623921 16623921 16623921 16609577 2761010 3427140 4093014 4093014 2761010 2761010 10306837 2761010 2761010 2761010 8460044 8460044 2442804 6788476 4093014 0 -1 -1 -1 -1 -1 -1 -1 -1 -1 -1 -1 -1 
-1 -1 -1 -1 -1 -1 -1 -1 -1 -1 -1 -1 -1 -1 -1 -1 -1 -1 -1 -1 2761010 10306837 10241301 10569495 16609577 16740907 16623921 16623921 16777215 16623921 16623921 16623921 16609577 9652262 2761010 2442804 2442804 2442804 2761010 2761010 2761010 8460044 4093014 4093014 0 0 0 0 -1 -1 -1 -1 -1 -1 -1 -1 -1 -1 -1 -1 
-1 -1 -1 -1 -1 -1 -1 -1 -1 -1 -1 -1 -1 -1 -1 -1 -1 -1 -1 -1 -1 2892338 10306837 16609577 16609577 16623921 16623921 16623921 16623921 16623921 16623921 16609577 10306837 6500895 2761010 2761010 2761010 2761010 2761010 8460044 8460044 2761010 2761010 2761010 0 6788476 4093014 0 -1 -1 -1 -1 -1 -1 -1 -1 -1 -1 -1 -1 
-1 -1 -1 -1 -1 -1 -1 -1 -1 -1 -1 -1 -1 -1 -1 -1 -1 -1 -1 -1 -1 -1 10306837 16609577 16623921 16623921 16623921 16623921 16623921 16610089 16610089 10569494 3088944 2892337 2761010 7566630 7566630 7566630 7566630 3022896 3022896 2761010 2761010 2761010 -1 0 0 4854924 4854924 -1 -1 -1 -1 -1 -1 -1 -1 -1 -1 -1 
-1 -1 -1 -1 -1 -1 -1 -1 -1 -1 -1 -1 -1 -1 -1 -1 -1 -1 -1 -1 -1 -1 10306837 10306837 10306837 16623921 16623921 16623921 16623921 16609577 16609577 10306837 2761010 2761010 2761010 7764262 7764262 7764262 7764262 2761010 2761010 2761010 2761010 2761010 -1 4854924 14794471 6953882 4854924 4854924 -1 -1 -1 -1 -1 -1 -1 -1 -1 -1 
-1 -1 -1 -1 -1 -1 -1 -1 -1 -1 -1 -1 -1 -1 -1 -1 -1 -1 -1 -1 -1 -1 -1 -1 10306837 10306837 10306837 10306837 10306837 10306837 10306837 2761010 2761010 5262378 7764262 7764262 12698941 12698941 7764262 2761010 2761010 2761010 -1 -1 4854924 9315498 12216520 12216520 6953882 4854924 -1 -1 -1 -1 -1 -1 -1 -1 -1 -1 
-1 -1 -1 -1 -1 -1 -1 -1 -1 -1 -1 -1 -1 -1 -1 -1 -1 -1 -1 -1 -1 -1 -1 -1 -1 -1 -1 -1 -1 -1 -1 2761010 7764262 10198577 12698941 12698941 7764262 7764262 7764262 2761010 2761010 -1 -1 -1 4854924 4854924 11225020 14794471 6953882 4854924 -1 -1 -1 -1 -1 -1 -1 -1 -1 -1 
-1 -1 -1 -1 -1 -1 -1 -1 -1 -1 -1 -1 -1 -1 -1 -1 -1 -1 -1 -1 -1 -1 -1 -1 -1 -1 -1 -1 -1 -1 -1 -1 2761010 5262378 7764262 2761010 2761010 2761010 2761010 2761010 2761010 -1 -1 -1 -1 4854924 11225020 11225020 4854924 6953882 -1 -1 -1 -1 -1 -1 -1 -1 -1 -1 
-1 -1 -1 -1 -1 -1 -1 -1 -1 -1 -1 -1 -1 -1 -1 -1 -1 -1 -1 -1 -1 -1 -1 -1 -1 -1 -1 -1 -1 -1 -1 2761010 2761010 2761010 10306837 13195550 16609577 16609577 10306837 2761010 2761010 2761010 -1 -1 -1 4854924 4854924 9315498 6953882 4854924 4854924 -1 -1 -1 -1 -1 -1 -1 -1 -1 
-1 -1 -1 -1 -1 -1 -1 -1 -1 -1 -1 -1 -1 -1 -1 -1 -1 -1 -1 -1 -1 -1 -1 -1 -1 -1 -1 -1 -1 -1 -1 2761010 2761010 10306837 16609577 16615981 16623921 16623921 16609577 10306837 9191191 2761010 -1 -1 -1 -1 4854924 4854924 4854924 4854924 -1 -1 -1 -1 -1 -1 -1 -1 -1 -1 
-1 -1 -1 -1 -1 -1 -1 -1 -1 -1 -1 -1 -1 -1 -1 -1 -1 -1 -1 -1 -1 -1 -1 -1 -1 -1 -1 -1 -1 -1 -1 3221560 2761010 10306837 16609577 16615981 16623921 16623921 16609577 10306837 9191191 2761010 -1 -1 -1 -1 -1 4854924 -1 4854924 -1 4854924 -1 -1 -1 -1 -1 -1 -1 -1 
-1 -1 -1 -1 -1 -1 -1 -1 -1 -1 -1 -1 -1 -1 -1 -1 -1 -1 -1 -1 -1 -1 -1 -1 -1 -1 -1 -1 -1 -1 2958385 2761010 2761010 16609577 16623921 16623921 16623921 16777215 16623921 10306837 9191191 2761010 -1 -1 -1 -1 -1 -1 4854924 -1 -1 -1 -1 -1 -1 -1 -1 -1 -1 -1 
-1 -1 -1 -1 -1 -1 -1 -1 -1 -1 -1 -1 -1 -1 -1 -1 -1 -1 -1 -1 -1 -1 -1 -1 -1 -1 -1 -1 -1 -1 2761010 2761010 10306837 16609577 16623921 16623921 16623921 16623921 16623921 10306837 9191191 2761010 -1 -1 -1 -1 -1 -1 -1 4854924 -1 4854924 -1 -1 -1 -1 -1 -1 -1 -1 
-1 -1 -1 -1 -1 -1 -1 -1 -1 -1 -1 -1 -1 -1 -1 -1 -1 -1 -1 -1 -1 -1 -1 -1 -1 -1 -1 -1 -1 -1 2761010 2761010 10306837 16609577 16623921 16623921 16623921 16623921 16623921 10306837 9191191 2761010 -1 -1 -1 -1 -1 -1 -1 -1 -1 -1 -1 -1 -1 -1 -1 -1 -1 -1 
-1 -1 -1 -1 -1 -1 -1 -1 -1 -1 -1 -1 -1 -1 -1 -1 -1 -1 -1 -1 -1 -1 -1 -1 -1 -1 -1 -1 -1 -1 3221560 2761010 16609577 10306837 16609577 16615981 16623921 16623921 16623921 2761010 9191191 9191191 -1 -1 -1 -1 -1 -1 -1 -1 -1 -1 -1 -1 -1 -1 -1 -1 -1 -1 
-1 -1 -1 -1 -1 -1 -1 -1 -1 -1 -1 -1 -1 -1 -1 -1 -1 -1 -1 -1 -1 -1 -1 -1 -1 -1 -1 -1 -1 2761010 10044437 10306837 16609577 16609577 16609577 16609577 13130015 16623921 16623921 9191191 9191191 9191191 -1 -1 -1 -1 -1 -1 -1 -1 -1 -1 -1 -1 -1 -1 -1 -1 -1 -1 
-1 -1 -1 -1 -1 -1 -1 -1 -1 -1 -1 -1 -1 -1 -1 -1 -1 -1 -1 -1 -1 -1 -1 -1 -1 -1 -1 -1 -1 2761010 13130015 13458207 16616749 16609577 13130015 13130015 13130015 16623921 16623921 16623921 9191191 2761010 -1 -1 -1 -1 -1 -1 -1 -1 -1 -1 -1 -1 -1 -1 -1 -1 -1 -1 
-1 -1 -1 -1 -1 -1 -1 -1 -1 -1 -1 -1 -1 -1 -1 -1 -1 -1 -1 -1 -1 -1 -1 -1 -1 -1 -1 -1 -1 2761010 16150056 16609577 16623921 16609577 16609577 16609577 16623921 16623921 16623921 16623921 9191191 2761010 -1 -1 -1 -1 -1 -1 -1 -1 -1 -1 -1 -1 -1 -1 -1 -1 -1 -1 
-1 -1 -1 -1 -1 -1 -1 -1 -1 -1 -1 -1 -1 -1 -1 -1 -1 -1 -1 -1 -1 -1 -1 -1 -1 -1 -1 -1 -1 16609577 16609577 10306837 2761010 2761010 2761010 16609577 16609577 16623921 16623921 9191191 9191191 2761010 -1 -1 -1 -1 -1 -1 -1 -1 -1 -1 -1 -1 -1 -1 -1 -1 -1 -1 
-1 -1 -1 -1 -1 -1 -1 -1 -1 -1 -1 -1 -1 -1 -1 -1 -1 -1 -1 -1 -1 -1 -1 -1 -1 -1 -1 -1 -1 10306837 10306837 10306837 10306837 10306837 2761010 10306837 2761010 2761010 16623921 9191191 2761010 -1 -1 -1 -1 -1 -1 -1 -1 -1 -1 -1 -1 -1 -1 -1 -1 -1 -1 -1 
-1 -1 -1 -1 -1 -1 -1 -1 -1 -1 -1 -1 -1 -1 -1 -1 -1 -1 -1 -1 -1 -1 -1 -1 -1 -1 -1 -1 -1 2761010 2761010 10306837 16609577 10306837 10306837 10306837 2761010 2761010 13728804 2761010 2761010 -1 -1 -1 -1 -1 -1 -1 -1 -1 -1 -1 -1 -1 -1 -1 -1 -1 -1 -1 
-1 -1 -1 -1 -1 -1 -1 -1 -1 -1 -1 -1 -1 -1 -1 -1 -1 -1 -1 -1 -1 -1 -1 -1 -1 -1 -1 -1 -1 10306837 10306837 16609577 16623921 10503701 10503701 10306837 2761010 2761010 10306837 13392671 16609577 -1 -1 -1 -1 -1 -1 -1 -1 -1 -1 -1 -1 -1 -1 -1 -1 -1 -1 -1 
-1 -1 -1 -1 -1 -1 -1 -1 -1 -1 -1 -1 -1 -1 -1 -1 -1 -1 -1 -1 -1 -1 -1 -1 -1 -1 -1 -1 -1 10306837 10306837 16623921 16777215 16609577 16609577 10306837 2761010 2761010 2761010 13392671 16609577 -1 -1 -1 -1 -1 -1 -1 -1 -1 -1 -1 -1 -1 -1 -1 -1 -1 -1 -1 
-1 -1 -1 -1 -1 -1 -1 -1 -1 -1 -1 -1 -1 -1 -1 -1 -1 -1 -1 -1 -1 -1 -1 -1 -1 -1 -1 -1 -1 10306837 10306837 16623921 16777215 10306837 10306837 10306837 10306837 10306837 2761010 2761010 2761010 -1 -1 -1 -1 -1 -1 -1 -1 -1 -1 -1 -1 -1 -1 -1 -1 -1 -1 -1 
-1 -1 -1 -1 -1 -1 -1 -1 -1 -1 -1 -1 -1 -1 -1 -1 -1 -1 -1 -1 -1 -1 -1 -1 -1 -1 -1 -1 -1 10306837 10306837 16623921 16623921 2761010 2761010 10306837 16609577 16609577 10306837 2761010 2761010 -1 -1 -1 -1 -1 -1 -1 -1 -1 -1 -1 -1 -1 -1 -1 -1 -1 -1 -1 
-1 -1 -1 -1 -1 -1 -1 -1 -1 -1 -1 -1 -1 -1 -1 -1 -1 -1 -1 -1 -1 -1 -1 -1 -1 -1 -1 -1 -1 10306837 10306837 16623921 16623921 10306837 10306837 16609577 16623921 16623921 16609577 10306837 10306837 -1 -1 -1 -1 -1 -1 -1 -1 -1 -1 -1 -1 -1 -1 -1 -1 -1 -1 -1 
-1 -1 -1 -1 -1 -1 -1 -1 -1 -1 -1 -1 -1 -1 -1 -1 -1 -1 -1 -1 -1 -1 -1 -1 -1 -1 -1 -1 2761010 16609577 16609577 16623921 16609577 10306837 10306837 16623921 16777215 16777215 16623921 10306837 10306837 -1 -1 -1 -1 -1 -1 -1 -1 -1 -1 -1 -1 -1 -1 -1 -1 -1 -1 -1 
-1 -1 -1 -1 -1 -1 -1 -1 -1 -1 -1 -1 -1 -1 -1 -1 -1 -1 -1 -1 -1 -1 -1 -1 -1 -1 -1 -1 8206876 16609577 16609577 16613675 16609577 10306837 10306837 16623921 16777215 16777215 16623921 10306837 10306837 -1 -1 -1 -1 -1 -1 -1 -1 -1 -1 -1 -1 -1 -1 -1 -1 -1 -1 -1 
-1 -1 -1 -1 -1 -1 -1 -1 -1 -1 -1 -1 -1 -1 -1 -1 -1 -1 -1 -1 -1 -1 -1 -1 -1 -1 -1 -1 10306837 16609577 16609577 16609577 16609577 10306837 10306837 16623921 16623921 16623921 16623921 10306837 10306837 -1 -1 -1 -1 -1 -1 -1 -1 -1 -1 -1 -1 -1 -1 -1 -1 -1 -1 -1 
-1 -1 -1 -1 -1 -1 -1 -1 -1 -1 -1 -1 -1 -1 -1 -1 -1 -1 -1 -1 -1 -1 -1 -1 -1 -1 -1 -1 10306837 16609577 16609577 16609577 10306837 10306837 10306837 16623921 16623921 16623921 16609577 2761010 2761010 -1 -1 -1 -1 -1 -1 -1 -1 -1 -1 -1 -1 -1 -1 -1 -1 -1 -1 -1 
-1 -1 -1 -1 -1 -1 -1 -1 -1 -1 -1 -1 -1 -1 -1 -1 -1 -1 -1 -1 -1 -1 -1 -1 -1 16609577 4861232 2761010 10306837 16609577 16609577 10306837 2761010 16609577 16609577 16623921 16609577 16609577 10306837 -1 -1 -1 -1 -1 -1 -1 -1 -1 -1 -1 -1 -1 -1 -1 -1 -1 -1 -1 -1 -1 
-1 -1 -1 -1 -1 -1 -1 -1 -1 -1 -1 -1 -1 -1 -1 -1 -1 -1 -1 -1 -1 -1 -1 -1 -1 16623921 4863538 2761010 10306837 10306837 10306837 10306837 8206876 16609577 16609577 16613675 16609577 16609577 4860712 -1 -1 -1 -1 -1 -1 -1 -1 -1 -1 -1 -1 -1 -1 -1 -1 -1 -1 -1 -1 -1 
-1 -1 -1 -1 -1 -1 -1 -1 -1 -1 -1 -1 -1 -1 -1 -1 -1 -1 -1 -1 -1 -1 -1 -1 14071969 16618797 9062951 7683366 7550745 10306837 10306837 7550745 10306837 16609577 16609577 16609577 16609577 16609577 2761010 -1 -1 -1 -1 -1 -1 -1 -1 -1 -1 -1 -1 -1 -1 -1 -1 -1 -1 -1 -1 -1 
-1 -1 -1 -1 -1 -1 -1 -1 -1 -1 -1 -1 -1 -1 -1 -1 -1 -1 -1 -1 -1 -1 -1 -1 10306837 16609577 16609577 16609577 2761010 16250871 10306837 2761010 10306837 16609577 16609577 16609577 10306837 10306837 -1 -1 -1 -1 -1 -1 -1 -1 -1 -1 -1 -1 -1 -1 -1 -1 -1 -1 -1 -1 -1 -1 
-1 -1 -1 -1 -1 -1 -1 -1 -1 -1 -1 -1 -1 -1 -1 -1 -1 -1 2761010 16609577 16609577 16609577 16623921 16623921 16609577 10306837 15624742 16609577 2761010 16609577 4861232 2761010 10306837 16609577 16609577 10306837 2761010 2761010 -1 -1 -1 -1 -1 -1 -1 -1 -1 -1 -1 -1 -1 -1 -1 -1 -1 -1 -1 -1 -1 -1 
-1 -1 -1 -1 -1 -1 -1 -1 -1 -1 -1 -1 -1 -1 -1 -1 -1 -1 2761010 2761010 2761010 2761010 10306837 10306837 10306837 10306837 15637037 16623921 16609577 16623921 4863538 2761010 10306837 10306837 10306837 10306837 -1 -1 -1 -1 -1 -1 -1 -1 -1 -1 -1 -1 -1 -1 -1 -1 -1 -1 -1 -1 -1 -1 -1 -1 
-1 -1 -1 -1 -1 -1 -1 -1 -1 -1 -1 -1 -1 -1 -1 -1 -1 -1 -1 -1 -1 -1 2761010 2761010 2761010 2761010 9125913 10306837 14071969 16618797 9062951 7683366 7550745 10306837 10306837 7550745 -1 -1 -1 -1 -1 -1 -1 -1 -1 -1 -1 -1 -1 -1 -1 -1 -1 -1 -1 -1 -1 -1 -1 -1 
-1 -1 -1 -1 -1 -1 -1 -1 -1 -1 -1 -1 -1 -1 -1 -1 -1 -1 -1 -1 -1 -1 4998483 4998483 4998483 4998483 8405025 8994584 10306837 16609577 16609577 16609577 2761010 10306837 10306837 2761010 -1 -1 -1 -1 -1 -1 -1 -1 -1 -1 -1 -1 -1 -1 -1 -1 -1 -1 -1 -1 -1 -1 -1 -1 
-1 -1 -1 -1 -1 -1 -1 -1 -1 -1 -1 -1 -1 -1 -1 -1 -1 -1 -1 -1 -1 -1 2761010 16609577 16609577 16609577 16623921 16623921 16609577 10306837 15624742 16609577 2761010 2761010 2761010 2761010 -1 -1 -1 -1 -1 -1 -1 -1 -1 -1 -1 -1 -1 -1 -1 -1 -1 -1 -1 -1 -1 -1 -1 -1 
-1 -1 -1 -1 -1 -1 -1 -1 -1 -1 -1 -1 -1 -1 -1 -1 -1 -1 -1 -1 -1 -1 2761010 2761010 2761010 2761010 10306837 10306837 10306837 10306837 15637037 16623921 16609577 10306837 10306837 16609577 -1 -1 -1 -1 -1 -1 -1 -1 -1 -1 -1 -1 -1 -1 -1 -1 -1 -1 -1 -1 -1 -1 -1 -1 
-1 -1 -1 -1 -1 -1 -1 -1 -1 -1 -1 -1 -1 -1 -1 -1 -1 -1 -1 -1 -1 -1 -1 -1 -1 -1 2761010 2761010 2761010 2761010 9125913 10306837 10306837 10306837 10306837 16609577 -1 -1 -1 -1 -1 -1 -1 -1 -1 -1 -1 -1 -1 -1 -1 -1 -1 -1 -1 -1 -1 -1 -1 -1 
