-1 -1 -1 -1 -1 -1 -1 -1 -1 -1 -1 -1 -1 -1 -1 -1 -1 -1 -1 -1 -1 -1 -1 -1 -1 -1 -1 -1 -1 -1 -1 -1 -1 -1 -1 -1 -1 -1 -1 -1 -1 -1 -1 -1 -1 -1 -1 -1 -1 -1 -1 -1 -1 -1 -1 -1 -1 -1 -1 -1 
-1 -1 -1 -1 -1 -1 -1 -1 -1 -1 -1 -1 -1 -1 -1 -1 -1 -1 -1 -1 -1 -1 -1 -1 -1 -1 -1 -1 -1 -1 -1 -1 -1 -1 -1 -1 -1 -1 -1 2761010 2761267 2761011 2827059 -1 -1 -1 -1 -1 -1 -1 -1 4854924 4854924 4854924 -1 -1 -1 8069026 4854924 -1 
-1 -1 -1 -1 -1 -1 -1 -1 -1 -1 -1 -1 -1 -1 -1 -1 -1 -1 -1 -1 -1 -1 -1 -1 -1 -1 -1 -1 -1 -1 -1 -1 -1 -1 -1 -1 -1 -1 3880003 2442036 6458230 4091476 2761010 2761010 -1 -1 -1 -1 -1 -1 -1 4854924 4854924 8069026 -1 8069026 8069026 8069026 -1 4854924 
-1 -1 -1 -1 -1 -1 -1 -1 -1 -1 -1 -1 -1 -1 -1 -1 -1 -1 -1 -1 -1 -1 -1 -1 -1 -1 -1 -1 -1 -1 -1 -1 -1 -1 -1 -1 -1 -1 2761010 2442804 6788476 4224344 3960147 2442036 3879747 -1 -1 -1 -1 -1 -1 8069026 8069026 -1 -1 8069026 -1 -1 -1 4854924 
-1 -1 -1 -1 -1 -1 -1 -1 -1 -1 -1 -1 -1 -1 -1 -1 -1 -1 -1 -1 -1 -1 -1 -1 -1 -1 -1 -1 -1 -1 -1 -1 -1 -1 -1 -1 -1 2443317 2761010 2761010 2761010 2761010 4093014 2442804 2826546 -1 -1 -1 -1 -1 -1 -1 -1 -1 -1 14696699 14696699 -1 8069026 -1 
-1 -1 -1 -1 -1 -1 -1 -1 -1 -1 -1 -1 -1 -1 -1 -1 -1 -1 -1 -1 -1 -1 8460044 8460044 8460044 8460044 9708054 10955806 10955806 -1 -1 -1 -1 -1 -1 -1 -1 2508341 4093014 9751469 4356186 4356186 2761010 2761010 2761010 -1 -1 -1 -1 -1 -1 -1 -1 -1 14696699 14696699 -1 -1 8069026 -1 
-1 -1 -1 -1 -1 -1 -1 -1 -1 -1 -1 -1 -1 -1 -1 -1 -1 -1 -1 8460044 8460044 8460044 8460044 8460044 10955806 8460044 11749947 15039854 13051675 10955806 10955806 -1 -1 -1 -1 -1 -1 2761266 4093014 9751469 4356186 4093014 2442804 2761010 2761522 -1 -1 -1 -1 -1 -1 -1 -1 -1 14696699 14696699 -1 -1 8069026 8069026 
-1 -1 -1 -1 -1 -1 -1 -1 -1 -1 -1 -1 -1 -1 -1 -1 -1 -1 9252388 8460044 8460044 10693148 10693148 10693148 8722702 8460044 9971225 11416614 8984846 10955806 10955806 9252388 -1 -1 -1 -1 -1 2442804 2761010 2761010 2761010 4093014 2442804 2761010 -1 -1 -1 -1 -1 -1 -1 -1 -1 -1 -1 -1 -1 8069026 8069026 4854924 
-1 -1 -1 -1 -1 -1 -1 -1 -1 -1 -1 -1 -1 -1 -1 -1 -1 -1 8460044 8460044 8460044 10955806 10955806 10955806 8460044 8460044 9708054 10955806 8460044 10955806 10955806 8460044 -1 -1 -1 -1 2574132 2442804 4093014 9751469 4356186 2761010 2761010 2761011 -1 -1 -1 -1 -1 -1 -1 -1 -1 -1 -1 -1 -1 -1 4854924 4854924 
-1 -1 -1 -1 -1 -1 -1 -1 -1 -1 -1 -1 -1 -1 -1 16250871 -1 -1 8460044 10955806 10955806 10306837 10306837 10306837 10306837 10306837 10306837 10306837 2761010 1834123 1834123 8460044 -1 -1 -1 -1 2508596 4093014 9751469 4356186 4093014 2442804 2442804 2761267 -1 -1 -1 -1 -1 -1 -1 -1 -1 -1 -1 -1 -1 -1 -1 4854924 
-1 -1 -1 -1 -1 -1 -1 -1 -1 -1 -1 -1 -1 -1 -1 -1 8460044 8460044 10955806 10306837 10306837 16609577 16623921 16623921 16609577 16623921 16616748 16609577 2761010 1834123 1834123 1834123 -1 -1 -1 -1 2442804 4093014 6788476 4224344 4093014 2442804 2761010 -1 -1 -1 -1 -1 -1 -1 -1 -1 -1 -1 -1 -1 -1 -1 -1 -1 
-1 -1 -1 -1 -1 -1 -1 -1 -1 -1 -1 -1 -1 -1 -1 -1 8460044 8460044 10306837 16609577 16609577 16609577 16777215 16777215 16623921 10306837 13530915 16623921 16609577 2761010 2761010 1834123 -1 -1 -1 -1 2442804 4093014 6788476 4224344 4093014 2442804 2761010 -1 -1 -1 -1 -1 -1 -1 -1 -1 -1 -1 -1 -1 -1 -1 -1 -1 
-1 -1 -1 -1 -1 -1 -1 -1 -1 -1 -1 -1 -1 -1 -1 -1 8460044 8460044 10306837 16609577 16609577 16618029 12948080 12948080 16623921 14057253 13465378 12939040 16609577 7157020 7157020 2063190 -1 -1 -1 2508340 2442804 4093014 6788476 4224344 4093014 2442804 2761010 -1 -1 -1 -1 -1 -1 -1 -1 -1 -1 -1 -1 -1 -1 -1 -1 -1 
-1 -1 -1 -1 -1 -1 -1 -1 -1 -1 -1 -1 -1 -1 0 0 8460044 8460044 10306837 16609577 16609577 16623921 10306837 10306837 16623921 16623921 13399843 10306837 16609577 10306837 10306837 2761010 -1 -1 -1 2442804 4093014 6788476 4224344 4093014 2442804 2761010 2761266 -1 -1 -1 -1 -1 -1 -1 -1 -1 -1 -1 -1 -1 -1 -1 -1 -1 
-1 -1 -1 -1 -1 -1 -1 -1 -1 -1 -1 -1 -1 -1 0 4093014 0 0 10306837 16609577 16609577 16623921 16623921 16623921 10306837 16623921 16616748 16609577 10306837 2442804 2442804 2761010 -1 -1 -1 2442804 4093014 6788476 4224344 4093014 2442804 2761010 -1 -1 -1 -1 -1 -1 -1 -1 -1 -1 -1 -1 -1 -1 -1 -1 -1 -1 
-1 -1 -1 -1 -1 -1 -1 -1 -1 -1 -1 -1 -1 -1 0 4093014 6788476 2442804 10306837 16609577 16609577 10306837 16623921 16623921 16609577 10306837 10306837 10306837 6788476 4093014 4093014 2761010 -1 -1 2574133 2442804 4093014 6788476 4224344 4093014 2442804 2826546 -1 -1 -1 -1 -1 -1 -1 -1 -1 -1 -1 -1 -1 -1 -1 -1 -1 -1 
-1 -1 -1 -1 -1 -1 -1 -1 -1 -1 -1 -1 -1 0 4093014 4093014 6788476 2442804 2761010 10306837 10306837 16609577 10306837 10306837 10306837 2761010 6256240 9751469 6788476 2761010 2761010 10306837 -1 -1 2761267 2761010 6788476 6788476 4224344 4093014 2442804 2761011 -1 -1 -1 -1 -1 -1 -1 -1 -1 -1 -1 -1 -1 -1 -1 -1 -1 -1 
-1 -1 -1 -1 -1 -1 -1 -1 -1 -1 -1 -1 -1 0 4093014 6788476 2442804 8460044 2761010 10306837 10306837 14508578 10306837 10306837 7747868 4081739 6455412 8763805 5402211 7355178 7355178 12342300 10306837 10306837 2826546 10306837 2761010 2761010 2761010 2761010 2761010 2826802 -1 -1 -1 -1 -1 -1 -1 -1 -1 -1 -1 -1 -1 -1 -1 -1 -1 -1 
-1 -1 -1 -1 -1 -1 -1 -1 -1 -1 -1 -1 -1 0 0 0 0 8460044 2761010 10306837 10306837 10306837 10306837 10306837 2761010 6788476 6788476 6788476 2761010 16609577 16609577 16609577 10306837 10306837 2761010 10306837 10306837 3088944 2761010 16609577 2761010 -1 -1 -1 -1 -1 -1 -1 -1 -1 -1 -1 -1 -1 -1 -1 -1 -1 -1 -1 
-1 -1 -1 -1 -1 -1 -1 -1 -1 -1 -1 -1 0 4093014 6788476 2442804 8460044 8460044 2761010 2761010 2761010 10306837 2761010 2761010 4093014 4093014 3427140 2761010 16609577 16623921 16623921 16623921 16609577 10241559 10306837 16609577 10306837 3088944 2761010 16609577 -1 -1 -1 -1 -1 -1 -1 -1 -1 -1 -1 -1 -1 -1 -1 -1 -1 -1 -1 -1 
-1 -1 -1 -1 -1 -1 -1 -1 -1 -1 -1 -1 0 0 0 0 4093014 4093014 8460044 2761010 2761010 2761010 2442804 2442804 2442804 2761010 9652262 16609577 16623921 16623921 16623921 16777215 16623921 16623921 16740907 16609577 10569495 10241301 10306837 2761010 -1 -1 -1 -1 -1 -1 -1 -1 -1 -1 -1 -1 -1 -1 -1 -1 -1 -1 -1 -1 
-1 -1 -1 -1 -1 -1 -1 -1 -1 -1 -1 -1 0 4093014 6788476 0 2761010 2761010 2761010 8460044 8460044 2761010 2761010 2761010 2761010 2761010 6500895 10306837 16609577 16623921 16623921 16623921 16623921 16623921 16623921 16609577 16609577 10306837 2892338 -1 -1 -1 -1 -1 -1 -1 -1 -1 -1 -1 -1 -1 -1 -1 -1 -1 -1 -1 -1 -1 
-1 -1 -1 -1 -1 -1 -1 -1 -1 -1 -1 4854924 4854924 0 0 -1 2761010 2761010 2761010 3022896 3022896 7566630 7566630 7566630 7566630 2761010 2892337 3088944 10569494 16610089 16610089 16623921 16623921 16623921 16623921 16623921 16609577 10306837 -1 -1 -1 -1 -1 -1 -1 -1 -1 -1 -1 -1 -1 -1 -1 -1 -1 -1 -1 -1 -1 -1 
-1 -1 -1 -1 -1 -1 -1 -1 -1 -1 4854924 4854924 6953882 14794471 4854924 -1 2761010 2761010 2761010 2761010 2761010 7764262 7764262 7764262 7764262 2761010 2761010 2761010 10306837 16609577 16609577 16623921 16623921 16623921 16623921 10306837 10306837 10306837 -1 -1 -1 -1 -1 -1 -1 -1 -1 -1 -1 -1 -1 -1 -1 -1 -1 -1 -1 -1 -1 -1 
-1 -1 -1 -1 -1 -1 -1 -1 -1 -1 4854924 6953882 12216520 12216520 9315498 4854924 -1 -1 2761010 2761010 2761010 7764262 12698941 12698941 7764262 7764262 5262378 2761010 2761010 10306837 10306837 10306837 10306837 10306837 10306837 10306837 -1 -1 -1 -1 -1 -1 -1 -1 -1 -1 -1 -1 -1 -1 -1 -1 -1 -1 -1 -1 -1 -1 -1 -1 
-1 -1 -1 -1 -1 -1 -1 -1 -1 -1 4854924 6953882 14794471 11225020 4854924 4854924 -1 -1 -1 2761010 2761010 7764262 7764262 7764262 12698941 12698941 10198577 7764262 2761010 -1 -1 -1 -1 -1 -1 -1 -1 -1 -1 -1 -1 -1 -1 -1 -1 -1 -1 -1 -1 -1 -1 -1 -1 -1 -1 -1 -1 -1 -1 -1 
-1 -1 -1 -1 -1 -1 -1 -1 -1 -1 6953882 4854924 11225020 11225020 4854924 -1 -1 -1 -1 2761010 2761010 2761010 2761010 2761010 2761010 7764262 5262378 2761010 -1 -1 -1 -1 -1 -1 -1 -1 -1 -1 -1 -1 -1 -1 -1 -1 -1 -1 -1 -1 -1 -1 -1 -1 -1 -1 -1 -1 -1 -1 -1 -1 
-1 -1 -1 -1 -1 -1 -1 -1 -1 4854924 4854924 6953882 9315498 4854924 4854924 -1 -1 -1 2761010 2761010 2761010 10306837 16609577 16609577 13195550 10306837 2761010 2761010 2761010 -1 -1 -1 -1 -1 -1 -1 -1 -1 -1 -1 -1 -1 -1 -1 -1 -1 -1 -1 -1 -1 -1 -1 -1 -1 -1 -1 -1 -1 -1 -1 
-1 -1 -1 -1 -1 -1 -1 -1 -1 -1 4854924 4854924 4854924 4854924 -1 -1 -1 -1 2761010 9191191 10306837 16609577 16623921 16623921 16615981 16609577 10306837 2761010 2761010 -1 -1 -1 -1 -1 -1 -1 -1 -1 -1 -1 -1 -1 -1 -1 -1 -1 -1 -1 -1 -1 -1 -1 -1 -1 -1 -1 -1 -1 -1 -1 
-1 -1 -1 -1 -1 -1 -1 -1 4854924 -1 4854924 -1 4854924 -1 -1 -1 -1 -1 2761010 9191191 10306837 16609577 16623921 16623921 16615981 16609577 10306837 2761010 3221560 -1 -1 -1 -1 -1 -1 -1 -1 -1 -1 -1 -1 -1 -1 -1 -1 -1 -1 -1 -1 -1 -1 -1 -1 -1 -1 -1 -1 -1 -1 -1 
-1 -1 -1 -1 -1 -1 -1 -1 -1 -1 -1 4854924 -1 -1 -1 -1 -1 -1 2761010 9191191 10306837 16623921 16777215 16623921 16623921 16623921 16609577 2761010 2761010 2958385 -1 -1 -1 -1 -1 -1 -1 -1 -1 -1 -1 -1 -1 -1 -1 -1 -1 -1 -1 -1 -1 -1 -1 -1 -1 -1 -1 -1 -1 -1 
-1 -1 -1 -1 -1 -1 -1 -1 4854924 -1 4854924 -1 -1 -1 -1 -1 -1 -1 2761010 9191191 10306837 16623921 16623921 16623921 16623921 16623921 16609577 10306837 2761010 2761010 -1 -1 -1 -1 -1 -1 -1 -1 -1 -1 -1 -1 -1 -1 -1 -1 -1 -1 -1 -1 -1 -1 -1 -1 -1 -1 -1 -1 -1 -1 
-1 -1 -1 -1 -1 -1 -1 -1 -1 -1 -1 -1 -1 -1 -1 -1 -1 -1 2761010 9191191 10306837 16623921 16623921 16623921 16623921 16623921 16609577 10306837 2761010 2761010 -1 -1 -1 -1 -1 -1 -1 -1 -1 -1 -1 -1 -1 -1 -1 -1 -1 -1 -1 -1 -1 -1 -1 -1 -1 -1 -1 -1 -1 -1 
-1 -1 -1 -1 -1 -1 -1 -1 -1 -1 -1 -1 -1 -1 -1 -1 -1 -1 9191191 9191191 2761010 16623921 16623921 16623921 16615981 16609577 10306837 16609577 2761010 3221560 -1 -1 -1 -1 -1 -1 -1 -1 -1 -1 -1 -1 -1 -1 -1 -1 -1 -1 -1 -1 -1 -1 -1 -1 -1 -1 -1 -1 -1 -1 
-1 -1 -1 -1 -1 -1 -1 -1 -1 -1 -1 -1 -1 -1 -1 -1 -1 -1 9191191 9191191 9191191 16623921 16623921 13130015 16609577 16609577 16609577 16609577 10306837 10044437 2761010 -1 -1 -1 -1 -1 -1 -1 -1 -1 -1 -1 -1 -1 -1 -1 -1 -1 -1 -1 -1 -1 -1 -1 -1 -1 -1 -1 -1 -1 
-1 -1 -1 -1 -1 -1 -1 -1 -1 -1 -1 -1 -1 -1 -1 -1 -1 -1 2761010 9191191 16623921 16623921 16623921 13130015 13130015 13130015 16609577 16616749 13458207 13130015 2761010 -1 -1 -1 -1 -1 -1 -1 -1 -1 -1 -1 -1 -1 -1 -1 -1 -1 -1 -1 -1 -1 -1 -1 -1 -1 -1 -1 -1 -1 
-1 -1 -1 -1 -1 -1 -1 -1 -1 -1 -1 -1 -1 -1 -1 -1 -1 -1 2761010 9191191 16623921 16623921 16623921 16623921 16609577 16609577 16609577 16623921 16609577 16150056 2761010 -1 -1 -1 -1 -1 -1 -1 -1 -1 -1 -1 -1 -1 -1 -1 -1 -1 -1 -1 -1 -1 -1 -1 -1 -1 -1 -1 -1 -1 
-1 -1 -1 -1 -1 -1 -1 -1 -1 -1 -1 -1 -1 -1 -1 -1 -1 -1 2761010 9191191 9191191 16623921 16623921 16609577 16609577 2761010 2761010 2761010 10306837 16609577 16609577 -1 -1 -1 -1 -1 -1 -1 -1 -1 -1 -1 -1 -1 -1 -1 -1 -1 -1 -1 -1 -1 -1 -1 -1 -1 -1 -1 -1 -1 
-1 -1 -1 -1 -1 -1 -1 -1 -1 -1 -1 -1 -1 -1 -1 -1 -1 -1 -1 2761010 9191191 16623921 2761010 2761010 10306837 2761010 10306837 10306837 10306837 10306837 10306837 -1 -1 -1 -1 -1 -1 -1 -1 -1 -1 -1 -1 -1 -1 -1 -1 -1 -1 -1 -1 -1 -1 -1 -1 -1 -1 -1 -1 -1 
-1 -1 -1 -1 -1 -1 -1 -1 -1 -1 -1 -1 -1 -1 -1 -1 -1 -1 -1 2761010 2761010 13728804 2761010 2761010 10306837 10306837 10306837 16609577 10306837 2761010 2761010 -1 -1 -1 -1 -1 -1 -1 -1 -1 -1 -1 -1 -1 -1 -1 -1 -1 -1 -1 -1 -1 -1 -1 -1 -1 -1 -1 -1 -1 
-1 -1 -1 -1 -1 -1 -1 -1 -1 -1 -1 -1 -1 -1 -1 -1 -1 -1 -1 16609577 13392671 10306837 2761010 2761010 10306837 10503701 10503701 16623921 16609577 10306837 10306837 -1 -1 -1 -1 -1 -1 -1 -1 -1 -1 -1 -1 -1 -1 -1 -1 -1 -1 -1 -1 -1 -1 -1 -1 -1 -1 -1 -1 -1 
-1 -1 -1 -1 -1 -1 -1 -1 -1 -1 -1 -1 -1 -1 -1 -1 -1 -1 -1 16609577 13392671 2761010 2761010 2761010 10306837 16609577 16609577 16777215 16623921 10306837 10306837 -1 -1 -1 -1 -1 -1 -1 -1 -1 -1 -1 -1 -1 -1 -1 -1 -1 -1 -1 -1 -1 -1 -1 -1 -1 -1 -1 -1 -1 
-1 -1 -1 -1 -1 -1 -1 -1 -1 -1 -1 -1 -1 -1 -1 -1 -1 -1 -1 2761010 2761010 2761010 10306837 10306837 10306837 10306837 10306837 16777215 16623921 10306837 10306837 -1 -1 -1 -1 -1 -1 -1 -1 -1 -1 -1 -1 -1 -1 -1 -1 -1 -1 -1 -1 -1 -1 -1 -1 -1 -1 -1 -1 -1 
-1 -1 -1 -1 -1 -1 -1 -1 -1 -1 -1 -1 -1 -1 -1 -1 -1 -1 -1 2761010 2761010 10306837 16609577 16609577 10306837 2761010 2761010 16623921 16623921 10306837 10306837 -1 -1 -1 -1 -1 -1 -1 -1 -1 -1 -1 -1 -1 -1 -1 -1 -1 -1 -1 -1 -1 -1 -1 -1 -1 -1 -1 -1 -1 
-1 -1 -1 -1 -1 -1 -1 -1 -1 -1 -1 -1 -1 -1 -1 -1 -1 -1 -1 10306837 10306837 16609577 16623921 16623921 16609577 10306837 10306837 16623921 16623921 10306837 10306837 -1 -1 -1 -1 -1 -1 -1 -1 -1 -1 -1 -1 -1 -1 -1 -1 -1 -1 -1 -1 -1 -1 -1 -1 -1 -1 -1 -1 -1 
-1 -1 -1 -1 -1 -1 -1 -1 -1 -1 -1 -1 -1 -1 -1 -1 -1 -1 -1 10306837 10306837 16623921 16777215 16777215 16623921 10306837 10306837 16609577 16623921 16609577 16609577 2761010 -1 -1 -1 -1 -1 -1 -1 -1 -1 -1 -1 -1 -1 -1 -1 -1 -1 -1 -1 -1 -1 -1 -1 -1 -1 -1 -1 -1 
-1 -1 -1 -1 -1 -1 -1 -1 -1 -1 -1 -1 -1 -1 -1 -1 -1 -1 -1 10306837 10306837 16623921 16777215 16777215 16623921 10306837 10306837 16609577 16613675 16609577 16609577 8206876 -1 -1 -1 -1 -1 -1 -1 -1 -1 -1 -1 -1 -1 -1 -1 -1 -1 -1 -1 -1 -1 -1 -1 -1 -1 -1 -1 -1 
-1 -1 -1 -1 -1 -1 -1 -1 -1 -1 -1 -1 -1 -1 -1 -1 -1 -1 -1 10306837 10306837 16623921 16623921 16623921 16623921 10306837 10306837 16609577 16609577 16609577 16609577 10306837 -1 -1 -1 -1 -1 -1 -1 -1 -1 -1 -1 -1 -1 -1 -1 -1 -1 -1 -1 -1 -1 -1 -1 -1 -1 -1 -1 -1 
-1 -1 -1 -1 -1 -1 -1 -1 -1 -1 -1 -1 -1 -1 -1 -1 -1 -1 -1 2761010 2761010 16609577 16623921 16623921 16623921 10306837 10306837 10306837 16609577 16609577 16609577 10306837 -1 -1 -1 -1 -1 -1 -1 -1 -1 -1 -1 -1 -1 -1 -1 -1 -1 -1 -1 -1 -1 -1 -1 -1 -1 -1 -1 -1 
-1 -1 -1 -1 -1 -1 -1 -1 -1 -1 -1 -1 -1 -1 -1 -1 -1 -1 -1 -1 -1 10306837 16609577 16609577 16623921 16609577 16609577 2761010 10306837 16609577 16609577 10306837 2761010 4861232 16609577 -1 -1 -1 -1 -1 -1 -1 -1 -1 -1 -1 -1 -1 -1 -1 -1 -1 -1 -1 -1 -1 -1 -1 -1 -1 
-1 -1 -1 -1 -1 -1 -1 -1 -1 -1 -1 -1 -1 -1 -1 -1 -1 -1 -1 -1 -1 4860712 16609577 16609577 16613675 16609577 16609577 8206876 10306837 10306837 10306837 10306837 2761010 4863538 16623921 -1 -1 -1 -1 -1 -1 -1 -1 -1 -1 -1 -1 -1 -1 -1 -1 -1 -1 -1 -1 -1 -1 -1 -1 -1 
-1 -1 -1 -1 -1 -1 -1 -1 -1 -1 -1 -1 -1 -1 -1 -1 -1 -1 -1 -1 -1 2761010 16609577 16609577 16609577 16609577 16609577 10306837 7550745 10306837 10306837 7550745 7683366 9062951 16618797 14071969 -1 -1 -1 -1 -1 -1 -1 -1 -1 -1 -1 -1 -1 -1 -1 -1 -1 -1 -1 -1 -1 -1 -1 -1 
-1 -1 -1 -1 -1 -1 -1 -1 -1 -1 -1 -1 -1 -1 -1 -1 -1 -1 -1 -1 -1 -1 10306837 10306837 16609577 16609577 16609577 10306837 2761010 10306837 16250871 2761010 16609577 16609577 16609577 10306837 -1 -1 -1 -1 -1 -1 -1 -1 -1 -1 -1 -1 -1 -1 -1 -1 -1 -1 -1 -1 -1 -1 -1 -1 
-1 -1 -1 -1 -1 -1 -1 -1 -1 -1 -1 -1 -1 -1 -1 -1 -1 -1 -1 -1 -1 -1 2761010 2761010 10306837 16609577 16609577 10306837 2761010 4861232 16609577 2761010 16609577 15624742 10306837 16609577 16623921 16623921 16609577 16609577 16609577 2761010 -1 -1 -1 -1 -1 -1 -1 -1 -1 -1 -1 -1 -1 -1 -1 -1 -1 -1 
-1 -1 -1 -1 -1 -1 -1 -1 -1 -1 -1 -1 -1 -1 -1 -1 -1 -1 -1 -1 -1 -1 -1 -1 10306837 10306837 10306837 10306837 2761010 4863538 16623921 16609577 16623921 15637037 10306837 10306837 10306837 10306837 2761010 2761010 2761010 2761010 -1 -1 -1 -1 -1 -1 -1 -1 -1 -1 -1 -1 -1 -1 -1 -1 -1 -1 
-1 -1 -1 -1 -1 -1 -1 -1 -1 -1 -1 -1 -1 -1 -1 -1 -1 -1 -1 -1 -1 -1 -1 -1 7550745 10306837 10306837 7550745 7683366 9062951 16618797 14071969 10306837 9125913 2761010 2761010 2761010 2761010 -1 -1 -1 -1 -1 -1 -1 -1 -1 -1 -1 -1 -1 -1 -1 -1 -1 -1 -1 -1 -1 -1 
-1 -1 -1 -1 -1 -1 -1 -1 -1 -1 -1 -1 -1 -1 -1 -1 -1 -1 -1 -1 -1 -1 -1 -1 2761010 10306837 10306837 2761010 16609577 16609577 16609577 10306837 8994584 8405025 4998483 4998483 4998483 4998483 -1 -1 -1 -1 -1 -1 -1 -1 -1 -1 -1 -1 -1 -1 -1 -1 -1 -1 -1 -1 -1 -1 
-1 -1 -1 -1 -1 -1 -1 -1 -1 -1 -1 -1 -1 -1 -1 -1 -1 -1 -1 -1 -1 -1 -1 -1 2761010 2761010 2761010 2761010 16609577 15624742 10306837 16609577 16623921 16623921 16609577 16609577 16609577 2761010 -1 -1 -1 -1 -1 -1 -1 -1 -1 -1 -1 -1 -1 -1 -1 -1 -1 -1 -1 -1 -1 -1 
-1 -1 -1 -1 -1 -1 -1 -1 -1 -1 -1 -1 -1 -1 -1 -1 -1 -1 -1 -1 -1 -1 -1 -1 16609577 10306837 10306837 16609577 16623921 15637037 10306837 10306837 10306837 10306837 2761010 2761010 2761010 2761010 -1 -1 -1 -1 -1 -1 -1 -1 -1 -1 -1 -1 -1 -1 -1 -1 -1 -1 -1 -1 -1 -1 
-1 -1 -1 -1 -1 -1 -1 -1 -1 -1 -1 -1 -1 -1 -1 -1 -1 -1 -1 -1 -1 -1 -1 -1 16609577 10306837 10306837 10306837 10306837 9125913 2761010 2761010 2761010 2761010 -1 -1 -1 -1 -1 -1 -1 -1 -1 -1 -1 -1 -1 -1 -1 -1 -1 -1 -1 -1 -1 -1 -1 -1 -1 -1 
