-1 -1 -1 -1 -1 -1 -1 -1 -1 -1 -1 -1 -1 -1 -1 -1 -1 -1 -1 -1 -1 -1 -1 -1 -1 -1 -1 -1 -1 -1 -1 -1 -1 -1 -1 -1 -1 -1 -1 -1 -1 -1 -1 -1 -1 -1 -1 -1 -1 -1 -1 -1 -1 -1 -1 -1 -1 -1 -1 -1 
-1 -1 -1 -1 -1 -1 -1 -1 -1 -1 -1 -1 -1 -1 -1 -1 -1 -1 -1 -1 -1 -1 -1 -1 -1 -1 -1 -1 -1 -1 -1 -1 -1 -1 -1 -1 -1 -1 -1 -1 -1 -1 -1 -1 -1 -1 -1 -1 -1 -1 -1 -1 -1 -1 -1 -1 -1 -1 -1 -1 
-1 -1 -1 -1 -1 -1 -1 -1 -1 -1 -1 -1 -1 -1 -1 -1 -1 -1 -1 -1 -1 -1 -1 -1 -1 -1 -1 -1 -1 -1 -1 -1 -1 -1 -1 -1 -1 -1 -1 -1 -1 -1 -1 -1 -1 -1 -1 -1 -1 -1 -1 -1 -1 -1 -1 -1 -1 -1 -1 -1 
-1 -1 -1 -1 -1 -1 -1 -1 -1 -1 -1 -1 -1 -1 -1 -1 -1 -1 -1 -1 -1 -1 -1 -1 -1 -1 -1 -1 -1 -1 -1 -1 -1 -1 -1 -1 -1 -1 -1 -1 -1 -1 -1 -1 -1 -1 -1 -1 -1 -1 -1 -1 -1 -1 -1 -1 -1 -1 -1 -1 
-1 -1 -1 -1 -1 -1 -1 -1 -1 -1 -1 -1 -1 -1 -1 -1 -1 -1 -1 -1 -1 -1 -1 -1 -1 -1 -1 -1 -1 -1 -1 -1 -1 -1 -1 -1 -1 -1 -1 -1 -1 -1 -1 -1 -1 -1 -1 -1 -1 -1 -1 -1 -1 -1 -1 -1 -1 -1 -1 -1 
-1 -1 -1 -1 -1 -1 -1 -1 -1 -1 -1 -1 -1 -1 -1 -1 -1 -1 -1 -1 -1 -1 -1 -1 -1 -1 -1 -1 8460044 8460044 8460044 8460044 9708054 10955806 10955806 -1 -1 -1 -1 -1 -1 -1 -1 -1 -1 -1 -1 -1 -1 -1 -1 -1 -1 -1 -1 -1 -1 -1 -1 -1 
-1 -1 -1 -1 -1 -1 -1 -1 -1 -1 -1 -1 -1 -1 -1 -1 -1 -1 -1 -1 -1 -1 -1 -1 -1 8460044 8460044 8460044 8460044 8460044 10955806 8460044 11749947 15039854 13051675 10955806 10955806 -1 -1 -1 -1 -1 -1 -1 -1 -1 -1 -1 -1 -1 -1 -1 -1 -1 -1 -1 -1 -1 -1 -1 
-1 -1 -1 -1 -1 -1 -1 -1 -1 -1 -1 -1 -1 -1 -1 -1 -1 -1 -1 -1 -1 -1 -1 -1 9252388 8460044 8460044 10693148 10693148 10693148 8722702 8460044 9971225 11416614 8984846 10955806 10955806 9252388 -1 -1 -1 -1 -1 -1 -1 -1 -1 -1 -1 -1 -1 -1 -1 -1 -1 -1 -1 -1 -1 -1 
-1 -1 -1 -1 -1 -1 -1 -1 -1 -1 -1 -1 -1 -1 -1 -1 -1 -1 -1 -1 -1 -1 -1 -1 8460044 8460044 8460044 10955806 10955806 10955806 8460044 8460044 9708054 10955806 8460044 10955806 10955806 8460044 -1 -1 -1 -1 -1 -1 -1 -1 -1 -1 -1 -1 -1 -1 -1 -1 -1 -1 -1 -1 -1 -1 
-1 -1 -1 -1 -1 -1 -1 -1 -1 -1 -1 -1 -1 -1 -1 -1 -1 -1 -1 -1 -1 16250871 -1 -1 8460044 10955806 10955806 10306837 10306837 10306837 10306837 10306837 10306837 10306837 2761010 1834123 1834123 8460044 -1 -1 -1 -1 -1 -1 -1 -1 -1 -1 -1 -1 -1 -1 -1 -1 -1 -1 -1 -1 -1 -1 
-1 -1 -1 -1 -1 -1 -1 -1 -1 -1 -1 -1 -1 -1 -1 -1 -1 -1 -1 -1 -1 -1 8460044 8460044 10955806 10306837 10306837 16609577 16623921 16623921 16609577 16623921 16616748 16609577 2761010 1834123 1834123 1834123 -1 -1 -1 -1 -1 -1 -1 -1 -1 -1 -1 -1 -1 -1 -1 -1 -1 -1 -1 -1 -1 -1 
-1 -1 -1 -1 -1 -1 -1 -1 -1 -1 -1 -1 -1 -1 -1 -1 -1 -1 -1 -1 -1 -1 8460044 8460044 10306837 16609577 16609577 16609577 16777215 16777215 16623921 10306837 13530915 16623921 16609577 2761010 2761010 1834123 -1 -1 -1 -1 -1 -1 -1 -1 -1 -1 -1 -1 -1 -1 -1 -1 -1 -1 -1 -1 -1 -1 
-1 -1 -1 -1 -1 -1 -1 -1 -1 -1 -1 -1 -1 -1 -1 -1 -1 -1 -1 -1 -1 -1 8460044 8460044 10306837 16609577 16609577 16618029 12948080 12948080 16623921 14057253 13465378 12939040 16609577 7157020 7157020 2063190 -1 -1 -1 -1 -1 12750701 12750701 13341550 16492659 12750701 -1 -1 -1 -1 -1 -1 -1 -1 -1 -1 -1 -1 
-1 -1 -1 -1 -1 -1 -1 -1 -1 -1 -1 -1 -1 -1 -1 -1 -1 -1 -1 -1 0 0 8460044 8460044 10306837 16609577 16609577 16623921 10306837 10306837 16623921 16623921 13399843 10306837 16609577 10306837 10306837 2761010 -1 -1 -1 -1 -1 10306837 10306837 11291672 16609577 10306837 -1 -1 -1 -1 -1 -1 -1 -1 -1 -1 -1 -1 
-1 -1 -1 -1 -1 -1 -1 -1 -1 -1 -1 -1 -1 -1 -1 -1 -1 -1 -1 -1 0 4093014 0 0 10306837 16609577 16609577 16623921 16623921 16623921 10306837 16623921 16616748 16609577 10306837 2442804 2442804 2761010 -1 -1 -1 2761010 2761010 16609577 10306837 11293721 16623921 10306837 -1 -1 -1 -1 -1 -1 -1 -1 -1 -1 -1 -1 
-1 -1 -1 -1 -1 -1 -1 -1 -1 -1 -1 -1 -1 -1 -1 -1 -1 -1 -1 -1 0 4093014 6788476 2442804 10306837 16609577 16609577 10306837 16623921 16623921 16609577 10306837 10306837 10306837 6788476 4093014 4093014 2761010 -1 -1 -1 2761010 2761010 16609577 10306837 11291672 16609577 10306837 -1 -1 -1 -1 -1 -1 -1 -1 -1 -1 -1 -1 
-1 -1 -1 -1 -1 -1 -1 -1 -1 -1 -1 -1 -1 -1 -1 -1 -1 -1 -1 0 4093014 4093014 6788476 2442804 2761010 10306837 10306837 16609577 10306837 10306837 10306837 2761010 6256240 9751469 6788476 2761010 2761010 10306837 10306837 10306837 2761010 10306837 10306837 2761010 10306837 10306837 10306837 10306837 -1 -1 -1 -1 -1 -1 -1 -1 -1 -1 -1 -1 
-1 -1 -1 -1 -1 -1 -1 -1 -1 -1 -1 -1 -1 -1 -1 -1 -1 -1 -1 0 4093014 6788476 2442804 8460044 2761010 10306837 10306837 14508578 10306837 10306837 7747868 4081739 6455412 8763805 5402211 7355178 7355178 12342300 10306837 10306837 5254181 10306837 10306837 5254181 7747868 7747868 7747868 12222556 -1 -1 -1 -1 -1 -1 -1 -1 -1 -1 -1 -1 
-1 -1 -1 -1 -1 -1 -1 -1 -1 -1 -1 -1 -1 -1 -1 -1 -1 -1 -1 0 0 0 0 8460044 2761010 10306837 10306837 10306837 10306837 10306837 2761010 6788476 6788476 6788476 2761010 16609577 16609577 16609577 10306837 10306837 10306837 10306837 10306837 10306837 2761010 2761010 2761010 -1 -1 -1 -1 -1 -1 -1 -1 -1 -1 -1 -1 -1 
-1 -1 -1 -1 -1 -1 -1 -1 -1 -1 -1 -1 -1 -1 -1 -1 -1 -1 0 4093014 6788476 2442804 8460044 8460044 2761010 2761010 2761010 10306837 2761010 2761010 4093014 4093014 3427140 2761010 16609577 16623921 16623921 16623921 16609577 16609577 10306837 2761010 2761010 2761010 2442804 2442804 2442804 2442804 2442804 2442804 2442804 2442804 2442804 2761010 2442804 2442804 2761010 2761010 3879747 -1 
-1 -1 -1 -1 -1 -1 -1 -1 -1 -1 -1 -1 -1 -1 -1 -1 -1 -1 0 0 0 0 4093014 4093014 8460044 2761010 2761010 2761010 2442804 2442804 2442804 2761010 9652262 16609577 16623921 16623921 16623921 16777215 16623921 16623921 16609577 10306837 10306837 2761010 4093014 4093014 4093014 4093014 4093014 4093014 4093014 4093014 4093014 2761010 4093014 4093014 2761010 2442804 2442036 2761010 
-1 -1 -1 -1 -1 -1 -1 -1 -1 -1 -1 -1 -1 -1 -1 -1 -1 -1 0 4093014 6788476 0 2761010 2761010 2761010 8460044 8460044 2761010 2761010 2761010 2761010 2761010 6500895 10306837 16609577 16623921 16623921 16623921 16623921 16623921 16609577 10306837 10306837 2761010 6788476 6788476 6788476 6788476 6788476 6788476 6788476 9751469 9751469 2761010 9751469 9751469 2761010 6788476 6458230 2761010 
-1 -1 -1 -1 -1 -1 -1 -1 -1 -1 -1 -1 -1 -1 -1 -1 -1 4854924 4854924 0 0 -1 2761010 2761010 2761010 3022896 3022896 7566630 7566630 7566630 7566630 2761010 2892337 3088944 10569494 16610089 16610089 16623921 16623921 16623921 10569494 3088944 3088944 2761010 4224344 4224344 4224344 4224344 4224344 4224344 4224344 4356186 4356186 2761010 4356186 4356186 2761010 4224344 4091476 2761010 
-1 -1 -1 -1 -1 -1 -1 -1 -1 -1 -1 -1 -1 -1 -1 -1 4854924 4854924 6953882 14794471 4854924 -1 2761010 2761010 2761010 2761010 2761010 7764262 7764262 7764262 7764262 2761010 2761010 2761010 10306837 16609577 16609577 16623921 16623921 16623921 10306837 2761010 2761010 2761010 4093014 4093014 4093014 4093014 4093014 4093014 4093014 4093014 4093014 2761010 4093014 4093014 2761010 4093014 3960147 2761010 
-1 -1 -1 -1 -1 -1 -1 -1 -1 -1 -1 -1 -1 -1 -1 -1 4854924 6953882 12216520 12216520 9315498 4854924 -1 -1 2761010 2761010 2761010 7764262 12698941 12698941 7764262 7764262 5262378 2761010 2761010 10306837 10306837 10306837 10306837 10306837 2761010 16609577 16609577 2761010 2442804 2442804 2442804 2442804 2442804 2442804 2442804 2442804 2442804 2761010 2442804 2442804 2761010 2442804 2442036 2761010 
-1 -1 -1 -1 -1 -1 -1 -1 -1 -1 -1 -1 -1 -1 -1 -1 4854924 6953882 14794471 11225020 4854924 4854924 -1 -1 -1 2761010 2761010 7764262 7764262 7764262 12698941 12698941 10198577 7764262 2761010 -1 -1 -1 -1 -1 -1 -1 -1 2761010 2761010 2761010 2761010 2761010 2761010 2761010 2761010 2761010 2761010 2761010 2761010 2761010 2761010 2761010 3879747 -1 
-1 -1 -1 -1 -1 -1 -1 -1 -1 -1 -1 -1 -1 -1 -1 -1 6953882 4854924 11225020 11225020 4854924 -1 -1 -1 -1 2761010 2761010 2761010 2761010 2761010 2761010 7764262 5262378 2761010 -1 -1 -1 -1 -1 -1 -1 -1 -1 -1 -1 -1 -1 -1 -1 -1 -1 -1 -1 -1 -1 -1 -1 -1 -1 -1 
-1 -1 -1 -1 -1 -1 -1 -1 -1 -1 -1 -1 -1 -1 -1 4854924 4854924 6953882 9315498 4854924 4854924 -1 -1 -1 2761010 2761010 2761010 10306837 16609577 16609577 13195550 10306837 2761010 2761010 2761010 -1 -1 -1 -1 -1 -1 -1 -1 -1 -1 -1 -1 -1 -1 -1 -1 -1 -1 -1 -1 -1 -1 -1 -1 -1 
-1 -1 -1 -1 -1 -1 -1 -1 -1 -1 -1 -1 -1 -1 -1 -1 4854924 4854924 4854924 4854924 -1 -1 -1 -1 2761010 9191191 10306837 16609577 16623921 16623921 16615981 16609577 10306837 2761010 2761010 -1 -1 -1 -1 -1 -1 -1 -1 -1 -1 -1 -1 -1 -1 -1 -1 -1 -1 -1 -1 -1 -1 -1 -1 -1 
-1 -1 -1 -1 -1 -1 -1 -1 -1 -1 -1 -1 -1 -1 4854924 -1 4854924 -1 4854924 -1 -1 -1 -1 -1 2761010 9191191 10306837 16609577 16623921 16623921 16615981 16609577 10306837 2761010 -1 -1 -1 -1 -1 -1 -1 -1 -1 -1 -1 -1 -1 -1 -1 -1 -1 -1 -1 -1 -1 -1 -1 -1 -1 -1 
-1 -1 -1 -1 -1 -1 -1 -1 -1 -1 -1 -1 -1 -1 -1 -1 -1 4854924 -1 -1 -1 -1 -1 -1 2761010 9191191 10306837 16623921 16777215 16623921 16623921 16623921 16609577 2761010 2761010 2958385 -1 -1 -1 -1 -1 -1 -1 -1 -1 -1 -1 -1 -1 -1 -1 -1 -1 -1 -1 -1 -1 -1 -1 -1 
-1 -1 -1 -1 -1 -1 -1 -1 -1 -1 -1 -1 -1 -1 4854924 -1 4854924 -1 -1 -1 -1 -1 -1 -1 2761010 9191191 10306837 16623921 16623921 16623921 16623921 16623921 16609577 10306837 2761010 2761010 -1 -1 -1 -1 -1 -1 -1 -1 -1 -1 -1 -1 -1 -1 -1 -1 -1 -1 -1 -1 -1 -1 -1 -1 
-1 -1 -1 -1 -1 -1 -1 -1 -1 -1 -1 -1 -1 -1 -1 -1 -1 -1 -1 -1 -1 -1 -1 -1 2761010 9191191 10306837 16623921 16623921 16623921 16623921 16623921 16609577 10306837 2761010 2761010 -1 -1 -1 -1 -1 -1 -1 -1 -1 -1 -1 -1 -1 -1 -1 -1 -1 -1 -1 -1 -1 -1 -1 -1 
-1 -1 -1 -1 -1 -1 -1 -1 -1 -1 -1 -1 -1 -1 -1 -1 -1 -1 -1 -1 -1 -1 -1 -1 -1 2761010 2761010 2761010 16623921 16623921 16615981 16609577 10306837 16609577 2761010 3221560 -1 -1 -1 -1 -1 -1 -1 -1 -1 -1 -1 -1 -1 -1 -1 -1 -1 -1 -1 -1 -1 -1 -1 -1 
-1 -1 -1 -1 -1 -1 -1 -1 -1 -1 -1 -1 -1 -1 -1 -1 -1 -1 -1 -1 -1 2761010 10306837 10306837 10306837 10306837 2761010 2761010 16609577 16609577 16609577 16609577 16623921 16609577 10306837 10044437 2761010 -1 -1 -1 -1 -1 -1 -1 -1 -1 -1 -1 -1 -1 -1 -1 -1 -1 -1 -1 -1 -1 -1 -1 
-1 -1 -1 -1 -1 -1 -1 -1 -1 -1 -1 -1 -1 -1 -1 -1 -1 -1 -1 -1 -1 2761010 10306837 10306837 10306837 10306837 2761010 2761010 13392671 13392671 15169062 16616749 16623921 16616749 13458207 13130015 2761010 -1 -1 -1 -1 -1 -1 -1 -1 -1 -1 -1 -1 -1 -1 -1 -1 -1 -1 -1 -1 -1 -1 -1 
-1 -1 -1 -1 -1 -1 -1 -1 -1 -1 -1 -1 -1 -1 -1 -1 -1 -1 2761010 4860712 10306837 16609577 16623921 16623921 16623921 16609577 10306837 2761010 2761010 10306837 13728804 16623921 16623921 16623921 16609577 16150056 2761010 -1 -1 -1 -1 -1 -1 -1 -1 -1 -1 -1 -1 -1 -1 -1 -1 -1 -1 -1 -1 -1 -1 -1 
-1 -1 -1 -1 -1 -1 -1 -1 -1 -1 -1 -1 -1 -1 -1 -1 2761010 10306837 16609577 16609577 16609577 16623921 16623921 16777215 16777215 16623921 16609577 10306837 2761010 2761010 2761010 2761010 16623921 16623921 16623921 16426544 10306837 -1 -1 -1 -1 -1 -1 -1 -1 -1 -1 -1 -1 -1 -1 -1 -1 -1 -1 -1 -1 -1 -1 -1 
-1 -1 -1 -1 -1 -1 -1 -1 -1 -1 -1 -1 -1 -1 -1 -1 2761010 10306837 16609577 16609577 16609577 16623921 16623921 16777215 16777215 16623921 16609577 10306837 2761010 2761010 2761010 2761010 16609577 16623921 16609577 16412713 10306837 -1 -1 -1 -1 -1 -1 -1 -1 -1 -1 -1 -1 -1 -1 -1 -1 -1 -1 -1 -1 -1 -1 -1 
-1 -1 -1 -1 -1 -1 -1 -1 2761010 14246695 16609577 16609577 2761010 2761010 7550745 10306837 10306837 16609577 16609577 16613675 16623921 16623921 16623921 16623921 16623921 16609577 10306837 10306837 10306837 10306837 10306837 10306837 16609577 16623921 16609577 16412713 10306837 -1 -1 -1 -1 -1 -1 -1 -1 -1 -1 -1 -1 -1 -1 -1 -1 -1 -1 -1 -1 -1 -1 -1 
-1 -1 -1 -1 -1 -1 -1 -1 2761010 8994584 10306837 10306837 2761010 10306837 10306837 10306837 16609577 16609577 16609577 16609577 16609577 10306837 10306837 10306837 10306837 10306837 2761010 10306837 16609577 10503701 10306837 2761010 2761010 10306837 10306837 10044437 -1 -1 -1 -1 -1 -1 -1 -1 -1 -1 -1 -1 -1 -1 -1 -1 -1 -1 -1 -1 -1 -1 -1 -1 
-1 -1 -1 -1 -1 -1 -1 -1 2761010 8994584 10306837 10306837 2761010 10306837 10306837 10306837 16609577 16609577 16609577 16609577 16609577 10306837 10306837 10306837 10306837 10306837 2761010 10306837 16609577 10503701 10306837 10306837 2761010 -1 -1 -1 -1 -1 -1 -1 -1 -1 -1 -1 -1 -1 -1 -1 -1 -1 -1 -1 -1 -1 -1 -1 -1 -1 -1 -1 
-1 -1 -1 -1 -1 -1 -1 -1 2761010 8994584 10306837 16609577 2761010 2761010 7550745 10306837 10306837 10306837 10306837 8206876 2761010 10306837 16609577 16609577 16609577 16623921 16623921 16777215 16777215 16623921 16609577 10306837 2761010 -1 -1 -1 -1 -1 -1 -1 -1 -1 -1 -1 -1 -1 -1 -1 -1 -1 -1 -1 -1 -1 -1 -1 -1 -1 -1 -1 
-1 -1 -1 -1 -1 -1 -1 -1 2761010 8994584 10306837 16623921 16609577 16609577 7683366 2761010 2761010 2761010 7550745 10306837 10306837 16609577 16609577 16613675 16623921 16623921 16623921 16623921 16623921 16609577 10306837 10306837 10306837 -1 -1 -1 -1 -1 -1 -1 -1 -1 -1 -1 -1 -1 -1 -1 -1 -1 -1 -1 -1 -1 -1 -1 -1 -1 -1 -1 
-1 -1 -1 -1 -1 -1 -1 -1 4801104 8405025 9125913 15637037 15624742 16609577 9062951 4863538 4861232 10306837 10306837 10306837 16609577 16609577 16609577 16609577 16609577 10306837 10306837 10306837 10306837 10306837 2761010 10306837 16609577 -1 -1 -1 -1 -1 -1 -1 -1 -1 -1 -1 -1 -1 -1 -1 -1 -1 -1 -1 -1 -1 -1 -1 -1 -1 -1 -1 
-1 -1 -1 -1 -1 -1 -1 -1 -1 4998483 2761010 10306837 10306837 16609577 16618797 16623921 16609577 16250871 10306837 10306837 16609577 16609577 16609577 16609577 16609577 10306837 10306837 10306837 10306837 10306837 2761010 10306837 16609577 -1 -1 -1 -1 -1 -1 -1 -1 -1 -1 -1 -1 -1 -1 -1 -1 -1 -1 -1 -1 -1 -1 -1 -1 -1 -1 -1 
-1 -1 -1 -1 -1 -1 -1 -1 -1 4998483 2761010 10306837 16609577 10306837 14071969 16609577 2761010 2761010 7550745 10306837 10306837 10306837 10306837 8206876 2761010 -1 -1 -1 -1 -1 -1 -1 -1 -1 -1 -1 -1 -1 -1 -1 -1 -1 -1 -1 -1 -1 -1 -1 -1 -1 -1 -1 -1 -1 -1 -1 -1 -1 -1 -1 
-1 -1 -1 -1 -1 -1 -1 -1 -1 4998483 2761010 10306837 16623921 8994584 10306837 16623921 16609577 16609577 7683366 2761010 2761010 -1 -1 -1 -1 -1 -1 -1 -1 -1 -1 -1 -1 -1 -1 -1 -1 -1 -1 -1 -1 -1 -1 -1 -1 -1 -1 -1 -1 -1 -1 -1 -1 -1 -1 -1 -1 -1 -1 -1 
-1 -1 -1 -1 -1 -1 -1 -1 -1 4998483 2761010 10306837 16623921 8405025 9125913 15637037 15624742 16609577 9062951 4863538 4861232 -1 -1 -1 -1 -1 -1 -1 -1 -1 -1 -1 -1 -1 -1 -1 -1 -1 -1 -1 -1 -1 -1 -1 -1 -1 -1 -1 -1 -1 -1 -1 -1 -1 -1 -1 -1 -1 -1 -1 
-1 -1 -1 -1 -1 -1 -1 -1 -1 -1 -1 2761010 16609577 4998483 2761010 10306837 10306837 16609577 16618797 16623921 16609577 -1 -1 -1 -1 -1 -1 -1 -1 -1 -1 -1 -1 -1 -1 -1 -1 -1 -1 -1 -1 -1 -1 -1 -1 -1 -1 -1 -1 -1 -1 -1 -1 -1 -1 -1 -1 -1 -1 -1 
-1 -1 -1 -1 -1 -1 -1 -1 -1 -1 -1 2761010 16609577 4998483 2761010 10306837 16609577 10306837 14071969 -1 -1 -1 -1 -1 -1 -1 -1 -1 -1 -1 -1 -1 -1 -1 -1 -1 -1 -1 -1 -1 -1 -1 -1 -1 -1 -1 -1 -1 -1 -1 -1 -1 -1 -1 -1 -1 -1 -1 -1 -1 
-1 -1 -1 -1 -1 -1 -1 -1 -1 -1 -1 2761010 16609577 4998483 2761010 10306837 16623921 -1 -1 -1 -1 -1 -1 -1 -1 -1 -1 -1 -1 -1 -1 -1 -1 -1 -1 -1 -1 -1 -1 -1 -1 -1 -1 -1 -1 -1 -1 -1 -1 -1 -1 -1 -1 -1 -1 -1 -1 -1 -1 -1 
-1 -1 -1 -1 -1 -1 -1 -1 -1 -1 -1 2761010 2761010 4998483 2761010 10306837 16623921 -1 -1 -1 -1 -1 -1 -1 -1 -1 -1 -1 -1 -1 -1 -1 -1 -1 -1 -1 -1 -1 -1 -1 -1 -1 -1 -1 -1 -1 -1 -1 -1 -1 -1 -1 -1 -1 -1 -1 -1 -1 -1 -1 
-1 -1 -1 -1 -1 -1 -1 -1 -1 -1 -1 -1 -1 -1 -1 2761010 16609577 -1 -1 -1 -1 -1 -1 -1 -1 -1 -1 -1 -1 -1 -1 -1 -1 -1 -1 -1 -1 -1 -1 -1 -1 -1 -1 -1 -1 -1 -1 -1 -1 -1 -1 -1 -1 -1 -1 -1 -1 -1 -1 -1 
-1 -1 -1 -1 -1 -1 -1 -1 -1 -1 -1 -1 -1 -1 -1 2761010 16609577 -1 -1 -1 -1 -1 -1 -1 -1 -1 -1 -1 -1 -1 -1 -1 -1 -1 -1 -1 -1 -1 -1 -1 -1 -1 -1 -1 -1 -1 -1 -1 -1 -1 -1 -1 -1 -1 -1 -1 -1 -1 -1 -1 
-1 -1 -1 -1 -1 -1 -1 -1 -1 -1 -1 -1 -1 -1 -1 2761010 16609577 -1 -1 -1 -1 -1 -1 -1 -1 -1 -1 -1 -1 -1 -1 -1 -1 -1 -1 -1 -1 -1 -1 -1 -1 -1 -1 -1 -1 -1 -1 -1 -1 -1 -1 -1 -1 -1 -1 -1 -1 -1 -1 -1 
-1 -1 -1 -1 -1 -1 -1 -1 -1 -1 -1 -1 -1 -1 -1 2761010 2761010 -1 -1 -1 -1 -1 -1 -1 -1 -1 -1 -1 -1 -1 -1 -1 -1 -1 -1 -1 -1 -1 -1 -1 -1 -1 -1 -1 -1 -1 -1 -1 -1 -1 -1 -1 -1 -1 -1 -1 -1 -1 -1 -1 
-1 -1 -1 -1 -1 -1 -1 -1 -1 -1 -1 -1 -1 -1 -1 -1 -1 -1 -1 -1 -1 -1 -1 -1 -1 -1 -1 -1 -1 -1 -1 -1 -1 -1 -1 -1 -1 -1 -1 -1 -1 -1 -1 -1 -1 -1 -1 -1 -1 -1 -1 -1 -1 -1 -1 -1 -1 -1 -1 -1 
-1 -1 -1 -1 -1 -1 -1 -1 -1 -1 -1 -1 -1 -1 -1 -1 -1 -1 -1 -1 -1 -1 -1 -1 -1 -1 -1 -1 -1 -1 -1 -1 -1 -1 -1 -1 -1 -1 -1 -1 -1 -1 -1 -1 -1 -1 -1 -1 -1 -1 -1 -1 -1 -1 -1 -1 -1 -1 -1 -1 
-1 -1 -1 -1 -1 -1 -1 -1 -1 -1 -1 -1 -1 -1 -1 -1 -1 -1 -1 -1 -1 -1 -1 -1 -1 -1 -1 -1 -1 -1 -1 -1 -1 -1 -1 -1 -1 -1 -1 -1 -1 -1 -1 -1 -1 -1 -1 -1 -1 -1 -1 -1 -1 -1 -1 -1 -1 -1 -1 -1 
