65536 0 1 65537 256 0 0 256 1 65537 0 1 0 0 65537 65536 0 1 1 0 0 1 0 1 0 0 65536 0 0 0 0 0 0 0 256 0 1 256 0 65536 256 65537 65536 256 0 1 0 65537 65537 0 0 65536 256 1 0 0 1 0 256 1 
3683177 3682921 3748712 3683177 3683177 3683176 3683177 8228285 8228028 3748713 3682921 8228028 3683177 3683177 3683177 3683177 3683177 0 3683177 3683177 8228029 3683176 8228285 8162493 8162493 3682921 3683176 8228029 3683177 8228028 8228029 3683177 3683177 3683177 3682921 3683177 3683176 3682921 3683176 3683177 3682921 3683176 3748713 0 8228029 8162493 3683177 3683177 8228029 8228285 3683176 3748713 3682921 3683176 65537 3682921 8162493 8162493 8228029 3683176 
8228029 8228285 8228029 8162493 8228029 8228028 3683177 3682921 3683177 3748713 3683177 3683176 3748713 3683177 3683177 3748713 3683177 0 8162493 8228285 8228029 8228029 8228029 8228029 3683177 3683177 3683176 3683176 3683177 3683177 3748713 3683177 3683177 3683177 3682921 3683177 3748713 3682921 3748713 3748713 3683177 3683176 3683177 256 8228029 3683177 3683177 3748712 3683176 3682921 3748712 3683177 3683177 3683176 0 8228285 3683176 3748713 3682921 8228028 
3683176 3682921 3683176 3748713 3682921 3683176 3748713 3682921 3683176 3683177 3682921 3683177 3683177 3683177 3683177 3748713 3682921 1 3683176 8228029 3683177 3748713 3682921 3683177 3683177 3682921 3683176 3748713 3682921 3683177 3683176 3683177 3683177 3683176 3682921 3748712 3683176 3682921 3683176 3683176 3682921 3683177 3748713 256 3683176 8228028 3682921 3683176 3748713 3683177 3748712 3683176 3683177 3683176 65536 8228285 3683176 3683177 3682921 3683177 
3748713 3682921 3683176 3683177 3683177 3683176 3683176 3683177 3683177 3748713 3682921 3683177 3748713 3683177 3748712 3683177 2367296 0 8228029 3682921 3683177 3683177 3682921 3683176 3683176 3682921 3683177 3683177 3682921 3683177 3683177 3683177 3748713 3748713 3683177 3748713 3683177 3683177 3683177 3748713 3683177 3748713 2367296 256 3748712 3748712 3682921 3683177 3748713 3682921 3683177 3748713 3682921 3683176 65536 3683177 3683176 3683177 3682921 3748713 
3748713 3682921 3683176 3683177 3683177 3683176 3683177 3682921 3683177 3683177 3682921 3748712 3748713 3682921 3683177 3683177 2367296 0 3748713 3682921 3683177 3748713 3683177 3748712 3683177 3682921 3683176 3748713 3682921 3748712 3748713 3682921 3683176 3683177 3682921 3683176 3748712 3682921 3683177 3748713 3682921 3683176 2367296 0 3683177 3683177 3683177 3683177 3683177 3683177 3683177 3748713 3683177 3683176 1 3682921 3683176 3748712 3683177 3683177 
3748713 3682921 3683177 3748713 3683177 3683177 3748712 3683177 3683176 3683177 3683177 3683177 3748713 6380679 3683176 3748713 2367040 1 3748712 3683177 3748713 3748713 3682921 3683177 3748713 3683177 3683176 3748713 3683177 3748713 3748713 3682921 3748712 3748713 3682921 3683176 6380935 6380679 3683177 3683177 3683177 3683177 2432832 256 3748712 3748713 3682921 3683177 3748713 3682921 6380935 3683177 3682921 2367297 65536 3683177 3683177 3683177 3682921 3683177 
3748712 3682921 3748713 3683177 3683177 3683177 3683177 3682921 3683176 6380935 6380679 6380935 6315398 3683177 3683176 2367296 2367296 1 3748713 3683177 3683177 3748713 3682921 3683176 3748712 3682921 3683177 3748713 3683177 3683176 3748713 6380679 3683177 3748713 6380679 3748713 3683176 6380679 6380934 6380935 3683177 2367297 2432832 256 3683177 3683176 3683177 3683177 3683177 6380679 3683177 3683177 2367296 2367297 0 3683177 3748713 3683176 3682921 3683177 
2367296 2367040 2367296 2432832 2367040 2367297 2367296 2367296 2367296 2367297 2367040 2367296 2367297 2367296 2367296 2367296 0 0 0 2367296 2367297 2432832 2367296 2367297 2432832 2367296 2367297 2367296 2367296 2367297 2367296 2367296 2367296 2432832 2367040 2432832 2367297 2367040 2367297 2432832 2367296 2432832 0 256 0 2432832 2367040 2367297 2432832 2367040 2367296 2432832 2367040 1 1 0 3683177 3683177 3683177 2367297 
65536 0 65536 65536 256 1 65537 256 0 1 256 1 0 256 65536 65536 0 65537 65536 0 0 65536 256 1 65537 256 65537 0 0 1 0 0 65537 0 0 1 65536 256 1 65537 0 0 65536 0 1 0 256 65536 0 256 0 0 0 0 0 0 1 65536 0 65537 
3683177 3682921 3683177 3748712 0 8228028 8162493 8228029 8228028 8162493 8228029 3683176 8228029 8228029 3683177 8228029 3682921 3683176 3748713 3683177 3683177 3748713 3682921 1 3748713 8228285 3683177 3748713 3682921 3683177 3748713 3682921 3683177 8228029 3682921 3683177 3748713 3683177 2367296 0 8228285 8228028 8228029 8228029 8228029 8162493 8228285 3748712 8162493 8228029 3683177 8162493 3682921 3683176 3748713 3683177 3683176 3748712 256 8228028 
3748713 3682921 3683176 3683176 256 8228029 3748713 3683177 3683176 3748713 3682921 3683176 3683177 3683177 3683176 3748713 3682921 3683176 3748712 3682921 3683177 3748713 3682921 0 8162493 3683177 3683176 3683176 8228285 8228028 8162493 8228029 3683176 3683177 3683177 3683177 3748713 3683177 2367297 65536 8228029 8228029 3748713 3682921 3748712 3683177 3682921 3683177 3683177 3683177 3683177 3683177 3682921 3683176 3683176 3682921 3683177 3748713 0 8228028 
3748713 3682921 3683177 2432832 256 8228028 3683177 3682921 3683176 3683177 3682921 3748712 3683177 3682921 3683176 3683176 3683177 3748713 3748713 3683177 3748713 3748713 2367040 65536 3748713 3682921 3683177 3683177 3683177 3683176 3748713 3683177 3683176 3748712 3682921 3683176 3683176 3683177 2367297 65536 8228029 3683176 3748713 3682921 3683176 3748713 3683177 3683176 3748712 3682921 3683177 3748713 3682921 3683177 3748713 3682921 3748712 3683176 256 3683176 
3748713 3682921 3683177 2367297 256 3748713 3683176 3683177 3748712 3683177 3682921 3683177 3683177 3683177 3683176 3748713 3683177 3683176 3748713 3683177 3683176 3748713 2367040 1 3683176 3682921 3683176 3748712 3682921 3683177 3748713 3682921 3683176 3748713 3683177 3748713 3683177 3682921 2367296 65536 3683177 3748712 3683177 3682921 3683176 3748713 3682921 3683176 3683176 3683177 3683177 3748713 3682921 3683176 3748713 3683177 3748712 2367296 0 3683177 
3683176 3683177 3683177 2367297 256 3683176 3683177 3683177 3683176 3748713 3682921 3683177 3748712 3683177 3748712 3683177 3683177 3683177 6315398 3683177 3683176 3683177 2367040 0 3683177 3683177 3683176 3683176 3682921 3748713 3683177 3682921 3683177 3683176 6380679 3683177 3683176 3683177 2432833 65536 3683177 3683176 3683177 3682921 3748713 3683177 3683177 3683177 3683177 3682921 3683177 3748713 6380935 3683177 6380935 3683177 3748712 2367297 256 3683177 
3683176 3682921 2432832 2367297 0 3683176 3748713 3683177 3683176 3683177 3683177 3748712 3748712 3683177 3683176 6315399 6380935 6380935 6315399 3683177 3683176 2432832 2367296 65537 2367296 3683177 3683177 3748713 3682921 3683177 6380935 6380935 6380935 6315399 3683177 3683177 3683177 2367040 2367297 1 3683177 3748713 3748713 3683177 3683177 3683177 3683177 3683176 3683176 6380679 6380935 6380935 6380935 3683176 3748713 3682921 2432832 2367296 0 3683176 
2432833 2367296 2367296 65536 256 0 3683177 3683177 2367296 2367296 2367040 2367296 2432832 2367296 2432833 2367296 2367296 2367296 2367296 2367296 2367296 2367296 0 0 65537 2367296 2367297 2432832 2367040 2367297 2367296 2367040 2367297 2367296 2367040 2367296 2432832 2367296 0 0 256 3748712 3683177 3682921 3683176 3748712 2367040 2367297 2367296 2367296 2367296 2367296 2367296 2367297 2367296 2367296 2367296 1 0 0 
0 256 0 65536 0 1 1 0 1 65536 0 1 65536 0 1 0 256 0 65536 256 1 65536 0 65536 65536 256 1 65536 256 1 65536 0 0 65536 0 0 65536 0 1 0 0 0 65536 256 0 0 0 0 0 256 0 1 256 1 0 0 0 65537 256 1 
3683177 3683177 8228028 8228029 8228285 8228028 8228028 8228285 3748712 3683177 8228029 8228029 8228028 8228029 3683177 3748712 8228029 8162493 3748713 3683177 3748712 3683177 3683177 3683177 3683177 3682921 3683176 3748713 3683177 65536 3683176 3683177 8228028 3683177 8228029 8228028 8228029 8228285 3748713 8162493 8228029 3683176 3748713 3682921 3683177 3683177 3683177 0 3683177 3683177 8228029 8228029 8228029 8228029 8162493 8228285 8228029 3748713 3683177 0 
3683177 8228285 3683176 3748713 3682921 3748712 3748712 3683177 3683177 3748713 3683177 3683176 3748713 3683177 3748712 3683177 3682921 3748712 3683177 3682921 3748713 3748713 3682921 3748713 3683177 3683177 3683176 3683177 3682921 1 8162493 3683177 3683177 3748713 3683177 3748713 3683177 3682921 3683177 3748713 3683177 3748712 3748713 3682921 3683176 3683177 3683177 1 8228029 8228285 8228028 8228029 3683177 3683177 3683177 3682921 3683176 3748713 3683177 0 
8162493 3682921 3683176 3683177 3683177 8228028 8228029 3682921 3683176 3683176 3682921 3683176 3748713 3682921 3683177 3748713 3682921 3683177 3683177 3682921 3683177 3748713 3682921 3683176 3748713 3682921 3683176 3748713 3682921 65537 3748713 8228029 3683176 3683177 3683177 3683176 3748713 3682921 3683177 3683177 3683177 3683176 3683176 3683177 3683177 3683177 3683177 1 8162493 3682921 3683176 3683177 3682921 8162493 3683177 3683177 3683176 3748712 3683177 0 
8228029 3682921 3748712 3748713 3682921 3683176 3748713 3682921 3683177 3748713 3683177 3683176 3683177 3682921 3683176 3683177 3683177 3683176 3683177 3682921 3683177 3748712 3683177 3683177 3683177 3683177 3683176 3683177 2367040 0 8228028 3682921 3683177 3683176 3683177 3683176 3748713 3682921 3683176 3748712 3682921 3748713 3683177 3683177 3683177 3748713 2367296 65537 8228028 3682921 3683177 3748713 3683177 3683177 3748713 3682921 3683176 3748713 2367040 0 
3748713 3683177 3683176 3683177 3682921 3683177 3748713 3682921 3683176 3748712 3683177 3683177 3748713 3682921 3683177 3683177 3682921 3683177 3748713 3682921 3683177 3748712 3682921 6380935 6380935 3683177 3683176 3683176 2367040 65537 3748713 3683177 3683176 3683177 3683177 3683177 3748713 3682921 3683177 3748712 3682921 3683177 3748713 3682921 3683176 3748713 2367296 0 3748713 3682921 3683177 3748712 3682921 3748713 3748712 3683177 3683177 3748713 2367040 1 
3683176 3683177 3748713 3683177 3682921 3683177 3683177 3683177 3683177 3683177 3683177 3683177 3748713 3682921 3748713 3748713 3682921 6380935 6315399 3682921 3683177 3683177 6380679 6380934 3748713 3683177 3683176 2432832 2367040 65537 3683177 3682921 3683176 3683177 3683177 3748712 3683177 3683177 3683177 3683177 6380679 6315398 6380934 3682921 3748713 3748713 2367040 1 3683176 3683177 3683177 3683177 3683177 3683176 3748713 3682921 6380935 6380935 6380679 1 
3683177 3682921 3748712 3748713 3682921 3683177 3683177 3682921 3683177 3748713 3683177 3683176 3748713 3683177 3748713 3683177 3683177 3683177 6315398 6380679 6380935 6315399 3683177 3683177 3683177 2367040 2432832 2432833 2367296 0 3683177 3683177 3683176 3748713 3682921 3683177 3748713 3683177 3683177 3748712 6380679 3683176 3748713 3682921 3683177 2432832 2367296 65537 3683177 3683177 3748713 3748712 3682921 3748713 3683177 3683177 2367297 2432832 2367040 1 
0 3682921 3748713 3683177 2367296 2432832 2367296 2367040 2367296 2367296 2367296 2367296 2367296 2367296 2367297 2432832 2367296 2432833 2367297 2367040 2367296 2432832 2367040 2367297 2432832 2367040 2367297 2367296 0 0 0 3682921 2367296 2367296 2367040 2432833 2367296 2367040 2367297 2367296 2367296 2367297 2367296 2367296 2367296 2432832 0 1 0 3682921 3683177 3748713 3682921 2367296 2367297 2367040 2367297 2432833 0 0 
65537 256 65536 65536 256 0 65536 256 0 0 256 1 0 256 0 65536 0 65537 0 256 1 0 0 65536 0 256 1 1 0 1 1 256 1 65536 256 0 0 256 0 0 0 0 0 0 0 0 0 1 65536 0 0 65536 256 1 65536 0 0 0 256 1 
3683177 3682921 3683176 3748713 3683177 1 3748713 3683177 8228028 8228029 8228029 8228029 8228029 8228029 3748713 8228029 3682921 3748713 3683177 3682921 3748712 3683177 0 8228028 8162493 8228029 8228028 8228028 8228029 3683177 3748713 3683177 3683177 3683177 3682921 8228028 8228028 8228029 3683177 3683177 3683177 0 8162493 8228029 8228028 8228029 8228029 8162493 8162493 8228029 3683176 8228029 8228285 8228029 3748713 8228029 3683177 3683177 3683177 3683177 
3748713 3683177 3683177 3683177 3683177 1 8162493 3682921 8228029 8228029 3682921 3683176 3683177 3682921 3683177 3748713 3682921 3683176 3748712 3683177 3683176 3683176 256 8228029 8162492 3682921 3683176 8228028 8228285 8228028 8228029 8228285 8228029 3683177 3683177 3748713 3748712 3683177 3748713 3748712 3682921 1 3748713 8228029 3683176 3683177 3682921 3683176 3683177 3683177 3683176 3748712 3682921 3748712 3748713 3683177 3683176 3683176 3683177 3748713 
3683177 3683177 3683177 3748713 2367040 65537 8228029 3683177 3683176 3748713 3683177 3683176 3683176 3683177 3683176 3748713 3682921 3683176 3748713 3682921 3748712 3748713 256 8162493 3683177 3683177 3683176 3683177 3682921 3683176 3683177 3683177 3683176 3683177 3683177 3683177 3748713 3683177 3683177 3683176 2367040 65537 8162493 3682921 3683177 3683177 3682921 8228029 8162493 3682921 3683177 3683176 3683177 3748712 3748713 3682921 3683177 3683177 3683177 3683177 
3748713 3683177 3683177 3748713 2367296 65537 8162492 3683177 3683176 3748712 3682921 3683176 3683177 3683177 3683177 3683177 6380935 6315398 6380935 3683177 3683177 3683177 0 3748712 3683176 3682921 3683177 3683177 3683177 3748713 3748713 3683177 3683177 3748712 3683177 3683176 6315399 6380679 3683177 3683177 2367296 1 3748713 3682921 3683177 3683177 3683177 3748712 3748713 3683177 3683176 3683177 3683177 3683176 3683177 3682921 3683176 3748713 3683177 3748713 
6315399 3682921 3748712 3683177 2367296 0 3683177 3682921 3683177 3748713 3682921 3683176 3748713 3683177 6380935 6315399 6380935 3683176 3748713 3682921 3683177 2432832 256 3748712 3748712 3682921 3683177 3748713 3682921 3683176 3748713 3683177 3683176 6380934 6380935 6380935 6380935 3682921 3683177 3683177 2367040 1 3683177 3683177 3748713 3683176 3683177 3683176 3748712 3683177 3748713 3748713 3682921 3748712 3683177 3682921 3683177 3748713 6380679 6380935 
3683177 3682921 3683176 2432832 2367040 0 3748713 3682921 3683176 3748713 3683177 3683176 3683177 3683177 3683176 3748713 3682921 3748712 2367297 2367296 2367297 2367297 0 3683176 3748713 3682921 3683176 3683177 3682921 3683177 3748713 3682921 3683176 3683177 3682921 3683176 3748713 3683177 2367296 2367296 2367040 0 2367297 2367296 2432833 3683177 3683177 3683176 3748712 3682921 3683176 3683177 3683177 3683177 6315399 6380679 6380934 6315399 6380935 3683176 
2367296 2367040 2367297 2432833 256 0 65537 3682921 3748713 2367296 2367296 2367297 2432832 2367296 2432833 2367296 2367040 2432833 2432832 2367296 2367296 0 256 1 3683177 3682921 3748712 3748713 2367296 2367296 2367296 2367040 2367296 2367296 2367040 2367296 2367296 2367296 2367297 2367297 256 1 0 2367040 2367297 2432832 2367296 2367297 2367296 2367296 2432832 2367296 2367296 2432832 2367296 2367296 2367296 2432832 2367040 2367296 
0 0 0 65536 256 1 0 256 65536 0 256 65537 65536 256 65536 0 256 65537 0 0 0 0 0 1 65536 256 65536 0 256 0 0 0 1 65537 0 65537 65536 256 1 0 256 1 1 256 0 0 256 0 65536 0 0 1 256 0 65536 256 0 65536 256 1 
8162493 8228285 3683177 8228029 3682921 3683177 3683177 3682921 3683177 3748713 3682921 3683177 3683177 3682921 0 8162493 8228029 8228029 8228029 8228285 8228029 3683176 3683177 3683176 3748712 3682921 3683176 3748713 3683177 3683176 0 8228029 8162493 8162493 8228285 3683177 3683177 3683177 3683176 3683176 8228285 8228028 8162493 3682921 3683176 3683177 3683177 3683176 3683177 3683177 3748713 3748713 0 3683176 8162492 8228029 8228029 8228029 3682921 8162493 
3748713 3682921 8228028 3683177 3682921 3683176 3748713 3683177 3683177 3683177 3683177 3683177 3683177 3683177 0 8228028 3682921 3683176 3748713 3683177 3683176 8228029 3682921 3683177 3748712 3683177 3683177 3748713 3682921 3683177 0 3682921 8228029 3683177 8228029 8228029 8228029 8228285 8228028 3683176 3682921 3748712 3748712 3683177 3683176 3683176 3682921 3683176 3683176 3683177 3683177 2432832 0 8228028 3748713 3682921 3683177 3683177 3682921 3683177 
3748713 3683177 3683177 3683176 3682921 3683176 3683176 3683177 3683176 3683176 3682921 3683176 3748713 2367296 1 8162493 3683177 3748713 3683177 3683177 3748713 3683176 3682921 3683176 3748713 3683177 3683176 3683177 3683177 2367297 65536 8228285 3683177 3683177 3683177 3683176 3748713 3682921 3748713 3683177 3682921 3683176 3683177 3683177 3683176 3683177 3683177 3683177 3683177 3683177 3683177 2367296 0 8162493 3748712 3683177 3683177 3748713 3682921 3683176 
3683177 3682921 3748713 3748713 3683177 3683177 3683176 3682921 3683176 3748713 6380935 3683177 3748712 2367040 0 3748712 3683177 3683177 3748713 3682921 3748713 3683177 3682921 3683177 6380935 6380935 3683177 3748713 3683177 2367297 65536 3682921 3683177 3683177 3682921 3683176 3748713 3683177 3748713 3748713 3683177 3683176 3748713 3683177 3683177 3748713 3682921 3748712 3683177 3683177 3748712 2367296 256 3683176 3683177 3683177 3683177 3748713 3683177 3683176 
3748713 3683177 3683177 3748712 3683177 3748713 6315399 6380679 6315398 3748713 3683177 3683177 3683177 2367040 65536 3683177 3682921 3748713 3683176 3683177 3748712 3748713 6380935 6315398 3748713 3683177 3683177 3748713 3683177 2432833 0 3682921 3683177 3683177 3682921 3683177 3748713 3683177 3683176 3683177 6380679 6315399 6315399 6380935 6380935 3683177 3682921 3683177 3748713 3683177 3683176 2367296 256 3683176 3683177 3683177 3683177 3683176 3683177 3683176 
3748713 3683177 3683177 3683176 3682921 3683176 3748713 3683177 3683177 3683177 2367296 2367297 2367296 2367040 0 3683176 3683177 3683176 3748713 3683177 3748712 3748713 3683177 3683177 3748713 3683177 3683177 2432832 2367296 2367296 65536 3682921 3683176 3683177 3682921 3683176 3748713 3683177 3683177 3683176 3683177 3683176 3683177 3683177 3683177 2432832 2367040 2367297 2432832 2367040 2367296 2432832 0 3683177 3683177 3683177 3683176 3683176 3682921 3683177 
2367296 2367040 2432832 2367296 2367040 2367296 2432832 2367040 2367296 2432832 2367296 2367297 2432832 256 1 0 3683177 2367297 2367296 2367296 2367296 2432832 2367040 2367296 2432832 2367040 2367296 2432833 2367296 1 65537 256 3683177 3748713 3683177 3683177 2367296 2367296 2367297 2367296 2367040 2367297 2432832 2367296 2367297 2432832 2367296 2367296 2367296 2367296 2367296 0 256 1 3683177 3682921 3683176 3683177 2367296 2367296 
65536 0 65537 1 256 0 65536 256 1 65536 0 0 1 256 1 65536 256 1 0 0 1 65537 0 1 65537 0 0 65537 256 0 0 256 0 0 256 0 65537 0 1 0 256 65536 0 256 65536 0 256 1 0 256 0 65536 256 1 0 256 0 65536 0 1 
8228028 3682921 3748713 3683177 3682921 3683176 3748713 3682921 3683177 0 8228285 8228028 8228029 3682921 3683177 3748713 8228285 8228029 8228028 3683177 3683176 8162493 8228285 8228028 3683177 8228285 8228029 3748713 3683177 3683177 3748712 3682921 3683177 3683177 3682921 3683177 3683177 3682921 0 8162493 8228285 8228029 8228029 3682921 8228028 3748712 3683177 3683177 0 3682921 8228028 8162493 8228029 8228029 8162493 3682921 3683177 3748713 8228285 3683176 
3683176 3682921 3683177 3683177 3682921 3683177 3683177 3682921 2367296 65536 8228285 3683176 3748713 8228029 8228028 3748713 3682921 3683177 3748713 3682921 3683177 3683177 3682921 3683177 3683177 3683177 3748713 3683177 3682921 3683177 3683177 3682921 3748712 3748712 3683177 3683176 3683177 2367040 0 8228029 3683177 3683176 3748712 3682921 3683176 3748713 3683177 2367296 0 8228285 3748712 3683177 3682921 3683177 8162493 8228029 8228028 8228029 3682921 3683176 
3748713 3683177 3748712 3748713 3683177 3683177 3683177 3682921 2367297 0 8228029 3683176 3748713 3683177 3683176 3748713 3683177 3683177 3748712 3683177 3683177 3748712 3682921 3683177 3683176 3682921 3683177 3748713 3683177 3683176 3748713 3682921 3683177 3683177 6380679 3683177 3683177 2367296 1 3683177 3683177 3683177 3683177 3683177 3683177 3683177 3683177 2367296 65537 8228285 3683177 3748713 3683177 3683177 3748712 3682921 3683176 3683177 3683177 3683177 
3683176 3682921 3683177 3748713 3682921 3683176 3748713 3682921 2432833 65536 8228285 3683177 3748713 3683177 3683177 3683177 3683177 3683176 3683176 3683177 3683177 3748713 3683177 3683176 3683177 3683177 3683177 3748713 3683177 3683176 3748713 3682921 6380935 6380935 3683177 3683176 3683177 2367040 1 3748712 3683177 3683176 3683176 3682921 3683177 6315399 3683177 2432832 0 3682921 3683176 3748713 3683177 3683176 3748713 3683177 3683176 3748712 3682921 3683176 
6315399 6380679 6380934 3683177 3683177 3683177 3748713 3683177 2367297 65536 3683177 3683177 3748713 3683177 3683177 3748713 3683177 3683177 3683177 3683177 3683177 3748712 3682921 3683176 6380935 6380679 6380935 3683177 3683177 3748712 3748712 6380679 3683177 3683177 3682921 3683176 3683177 2367296 1 3683177 3682921 3683176 3748713 6380935 6380934 3748713 3682921 2367297 0 3683177 3683177 3748713 3682921 3683176 3748713 3682921 3683177 3748713 3682921 6380934 
3748713 3683177 3683176 6380934 6380679 3748712 3683177 2367040 2367297 65536 3682921 3683177 3683177 3682921 3683177 3683177 3683177 3683176 3748713 3682921 3683177 3748712 3682921 3683176 3683177 3683177 3683176 6315399 6380935 3748712 3683177 3682921 3683177 3683177 2367040 2367296 2432832 2367040 1 3748712 3683177 3683177 3683177 3682921 3683177 2367296 2367040 2432832 65537 3683177 3683177 3748713 3682921 3748712 3683177 3682921 3683177 3748712 3683177 3748712 
2432832 2367040 2432833 2367296 2367040 2367297 2432832 2367040 1 0 0 3683177 3748713 3683177 3683177 2367296 2367040 2367296 2367296 2367296 2367297 2367296 2367040 2432832 2367296 2367296 2432833 2432832 2367040 2367296 2367296 2367040 2367297 2432832 2367296 2367296 2432832 256 0 65536 3682921 2367296 2367297 2367040 2367296 2432833 2367040 0 65536 256 3683177 3748712 3683177 3683177 3683177 3683177 2367297 2367296 2367296 2367297 
65536 256 65537 0 0 1 1 0 0 0 0 65537 0 0 65536 65536 0 1 65537 0 65536 0 256 1 0 256 0 0 256 0 1 0 0 0 0 1 0 256 1 65536 0 1 0 0 1 65536 256 65537 65536 0 1 0 256 65536 0 256 0 1 256 65536 
8162493 8228029 3683177 3748713 8228285 8228028 8162493 3682921 3683176 3748713 3682921 3683176 3683177 256 3683177 8162493 3683177 3683176 3748712 8228029 8162493 3683177 3683177 3683176 3683176 3682921 0 3748713 8228029 8228029 8162493 3683177 3683176 3683176 3682921 3683176 65536 3683177 3683177 8162493 8228029 8228029 3748713 3682921 3683177 3683177 3683177 1 8162493 3683177 8228029 3748713 3682921 3683176 3683177 8228285 8228028 8162493 8228029 3683177 
3683177 3682921 8228029 3748713 3682921 3683176 3683177 3683177 3748713 3683177 3682921 3683177 3748713 0 8228029 3748713 3682921 8228028 8228029 3683177 3683177 3748713 3683177 3683176 3683177 3683177 65536 8228029 8228285 3748712 3683177 8228285 3683177 3748713 3682921 3683176 65536 8228029 8228028 8228029 3682921 3748712 8228029 3683177 3683177 3683177 2367040 0 3683177 8228029 8162492 8228029 8228285 8228028 8162492 3682921 3683177 3683177 3683177 3683176 
3748713 3682921 3683177 3748712 3682921 3683176 3683177 3683177 3683176 3683177 3682921 3683177 2367296 0 8228028 3683177 8228285 3683177 3748713 3682921 3683177 3683177 3682921 3748713 3748713 2367296 0 3748712 8228029 3748713 3748713 3682921 3683176 3748713 3683177 3683177 65536 8228029 3683176 8228029 3683177 3683177 3683177 3682921 3683176 3683176 2367296 65536 3748713 8228285 3683177 8228029 3683177 3683176 3683177 3683177 3683176 3748713 3682921 3748713 
3683177 3683177 3683176 3748713 3683177 3683177 3683176 3682921 3748713 3683177 3683177 3748712 2367296 0 3683176 3683177 3683177 3683176 3683177 3682921 3748713 3683177 3682921 3748713 3748713 2367296 65537 3748713 3683177 3683176 3748713 3682921 3683176 3748713 3682921 2367296 0 8228029 3683176 3683177 3682921 3748713 3748713 3683177 3683176 3748713 2367296 65537 8162493 3683177 3683176 3683176 3683177 3683176 3748712 3683177 3683177 3748713 3683177 3683176 
3748712 3682921 3683176 3683177 3683177 3683176 3748713 3682921 3683176 6315399 6380679 3683176 2432833 256 3683176 3683176 3683177 3748713 3683177 3682921 3683177 3748713 6380935 3683177 3748713 2367040 1 3683177 3682921 3748713 3748713 3683177 3683176 3748713 3683177 2432832 65536 3683177 3683176 3683177 3683177 3683176 3748713 3683177 3683177 3748712 2367040 1 3748713 3682921 3748712 3748713 3682921 3683177 3748713 3683177 3683176 3748713 3683177 3748713 
3748712 3683177 3683177 3683177 3683177 3683176 6315399 6380679 3748713 3748713 3682921 3683176 2432832 0 3683177 3748712 3682921 3683177 3748713 3682921 3683177 6315398 6380935 3683177 3683177 2367040 0 3748713 3683177 3683177 3683177 3682921 6315399 6315398 6380679 2367296 65536 3682921 3683176 3748713 3682921 3683176 3683177 6380679 6380935 6380934 2367040 1 3683177 3682921 3683177 3683177 3683177 3683176 3748712 3683177 6380934 6380935 3682921 3683176 
3683177 3683177 3683177 6380934 6380679 6380934 3683177 3682921 3683177 3748713 3682921 2367297 2367296 0 3683177 3748713 3683177 3683177 3683177 6380679 6380934 3683177 3682921 3683176 2432832 2367296 1 3683176 3682921 3683176 3748713 6380679 3683177 3748712 3682921 2367297 0 3682921 3683176 3683177 3683177 3683177 3748713 3682921 3748713 3683177 2367296 65536 3683177 3682921 3683177 3748713 3683177 3683177 3683177 3682921 3683176 3683177 6380679 6315399 
3683177 3682921 3683177 3748713 3683177 3683177 3683177 3682921 2367297 2367296 2367296 2367296 2432832 256 3683177 3748713 3682921 3683176 3748713 3682921 3683176 2367296 2367296 2367297 2367296 2367040 0 3683177 3683177 3683177 3748712 3682921 3683177 2432832 2367296 2367297 0 3683177 3683176 3748713 6380679 6380934 3683177 3682921 2367296 2432833 2367296 65537 3683177 3683177 3683176 3683177 3683177 3683177 3683177 3682921 3683177 3748712 3683177 3683177 
2367296 2367040 2367297 2432832 2367296 2367296 2367296 2367296 2367297 2367296 2367040 2367297 65536 256 1 3683177 2367296 2367296 2432832 2367040 2367297 2367296 2367296 2367296 2367297 0 1 0 3683177 3683177 3748712 2367040 2367297 2367296 2367040 0 65536 256 3683176 3683177 2367040 2367297 2432832 2367040 2367296 2432832 256 1 65537 3683177 3748712 3748713 3682921 3683176 3683177 2367296 2367297 2367296 2367296 2367297 
